MaxIter : 1000, system size : [31x23]

System : 

[[1. 1. 1. 1. 1. 1. 1. 1. 1. 1. 1. 1. 1. 1. 1. 1. 1. 1. 1. 1. 1. 1. 1. 1.
  1. 1. 1. 1. 1. 1. 1.]
 [2. 0. 0. 0. 0. 0. 0. 0. 0. 0. 0. 0. 0. 0. 0. 0. 0. 0. 0. 0. 0. 0. 0. 0.
  0. 0. 0. 0. 0. 0. 1.]
 [2. 0. 0. 0. 0. 0. 0. 0. 0. 0. 0. 0. 0. 0. 0. 0. 0. 0. 0. 0. 0. 0. 0. 0.
  0. 0. 0. 0. 0. 0. 1.]
 [2. 0. 0. 0. 0. 0. 0. 0. 0. 0. 0. 0. 0. 0. 0. 0. 0. 0. 0. 0. 0. 0. 0. 0.
  0. 0. 0. 0. 0. 0. 1.]
 [2. 0. 0. 0. 0. 0. 0. 0. 0. 0. 0. 0. 0. 0. 0. 0. 0. 0. 0. 0. 0. 0. 0. 0.
  0. 0. 0. 0. 0. 0. 1.]
 [2. 0. 0. 0. 0. 0. 0. 0. 0. 0. 0. 0. 0. 0. 0. 0. 0. 0. 0. 0. 0. 0. 0. 0.
  0. 0. 0. 0. 0. 0. 1.]
 [2. 0. 0. 0. 0. 0. 0. 0. 0. 0. 0. 0. 0. 0. 0. 0. 0. 0. 0. 0. 0. 0. 0. 0.
  0. 0. 0. 0. 0. 0. 1.]
 [2. 0. 0. 0. 0. 0. 0. 0. 0. 0. 0. 0. 0. 0. 0. 0. 0. 0. 0. 0. 0. 0. 0. 0.
  0. 0. 0. 0. 0. 0. 1.]
 [1. 1. 1. 1. 1. 1. 1. 1. 1. 1. 1. 1. 1. 1. 1. 1. 1. 1. 1. 1. 1. 1. 1. 1.
  0. 0. 0. 0. 0. 0. 1.]
 [1. 1. 1. 1. 1. 1. 1. 1. 1. 1. 1. 1. 1. 1. 1. 1. 1. 1. 1. 1. 1. 1. 1. 1.
  0. 0. 0. 0. 0. 0. 1.]
 [1. 1. 1. 1. 1. 1. 1. 1. 1. 1. 1. 1. 1. 1. 1. 1. 1. 1. 1. 1. 1. 1. 1. 1.
  0. 0. 0. 0. 0. 0. 1.]
 [1. 1. 1. 1. 1. 1. 1. 1. 1. 1. 1. 1. 1. 1. 1. 1. 1. 1. 1. 1. 1. 1. 1. 1.
  0. 0. 0. 0. 0. 0. 1.]
 [1. 1. 1. 1. 1. 1. 1. 1. 1. 1. 1. 1. 1. 1. 1. 1. 1. 1. 1. 1. 1. 1. 1. 1.
  0. 0. 0. 0. 0. 0. 1.]
 [1. 1. 1. 1. 1. 1. 1. 1. 1. 1. 1. 1. 1. 1. 1. 1. 1. 1. 1. 1. 1. 1. 1. 1.
  0. 0. 0. 0. 0. 0. 1.]
 [1. 1. 1. 1. 1. 1. 1. 1. 1. 1. 1. 1. 1. 1. 1. 1. 1. 1. 1. 1. 1. 1. 1. 1.
  0. 0. 0. 0. 0. 0. 1.]
 [3. 0. 0. 0. 0. 0. 0. 0. 0. 0. 0. 0. 0. 0. 0. 0. 0. 0. 0. 0. 0. 0. 0. 0.
  0. 0. 0. 0. 0. 0. 1.]
 [3. 0. 0. 0. 0. 0. 0. 0. 0. 0. 0. 0. 0. 0. 0. 0. 0. 0. 0. 0. 0. 0. 0. 0.
  0. 0. 0. 0. 0. 0. 1.]
 [3. 0. 0. 0. 0. 0. 0. 0. 0. 0. 0. 0. 0. 0. 0. 0. 0. 0. 0. 0. 0. 0. 0. 0.
  0. 0. 0. 0. 0. 0. 1.]
 [3. 0. 0. 0. 0. 0. 0. 0. 0. 0. 0. 0. 0. 0. 0. 0. 0. 0. 0. 0. 0. 0. 0. 0.
  0. 0. 0. 0. 0. 0. 1.]
 [3. 0. 0. 0. 0. 0. 0. 0. 0. 0. 0. 0. 0. 0. 0. 0. 0. 0. 0. 0. 0. 0. 0. 0.
  0. 0. 0. 0. 0. 0. 1.]
 [3. 0. 0. 0. 0. 0. 0. 0. 0. 0. 0. 0. 0. 0. 0. 0. 0. 0. 0. 0. 0. 0. 0. 0.
  0. 0. 0. 0. 0. 0. 1.]
 [3. 0. 0. 0. 0. 0. 0. 0. 0. 0. 0. 0. 0. 0. 0. 0. 0. 0. 0. 0. 0. 0. 0. 0.
  0. 0. 0. 0. 0. 0. 1.]
 [1. 1. 1. 1. 1. 1. 1. 1. 1. 1. 1. 1. 1. 1. 1. 1. 1. 1. 1. 1. 1. 1. 1. 1.
  1. 1. 1. 1. 1. 1. 1.]]

0 = open path, 1 = BB, 2 = inlet, 3 = outlet

Directions for respectively fin & fout : 

2 5 8    2 5 8    2 5 8    2 5 8    2 5 8    2 5 8    2 5 8    2 5 8    2 5 8    2 5 8    2 5 8    2 5 8    2 5 8    2 5 8    2 5 8    2 5 8    2 5 8    2 5 8    2 5 8    2 5 8    2 5 8    2 5 8    2 5 8    2 5 8    2 5 8    2 5 8    2 5 8    2 5 8    2 5 8    2 5 8    2 5 8    |   6 3 0    6 3 0    6 3 0    6 3 0    6 3 0    6 3 0    6 3 0    6 3 0    6 3 0    6 3 0    6 3 0    6 3 0    6 3 0    6 3 0    6 3 0    6 3 0    6 3 0    6 3 0    6 3 0    6 3 0    6 3 0    6 3 0    6 3 0    6 3 0    6 3 0    6 3 0    6 3 0    6 3 0    6 3 0    6 3 0    6 3 0    
1 4 7    1 4 7    1 4 7    1 4 7    1 4 7    1 4 7    1 4 7    1 4 7    1 4 7    1 4 7    1 4 7    1 4 7    1 4 7    1 4 7    1 4 7    1 4 7    1 4 7    1 4 7    1 4 7    1 4 7    1 4 7    1 4 7    1 4 7    1 4 7    1 4 7    1 4 7    1 4 7    1 4 7    1 4 7    1 4 7    1 4 7    |   7 4 1    7 4 1    7 4 1    7 4 1    7 4 1    7 4 1    7 4 1    7 4 1    7 4 1    7 4 1    7 4 1    7 4 1    7 4 1    7 4 1    7 4 1    7 4 1    7 4 1    7 4 1    7 4 1    7 4 1    7 4 1    7 4 1    7 4 1    7 4 1    7 4 1    7 4 1    7 4 1    7 4 1    7 4 1    7 4 1    7 4 1    
0 3 6    0 3 6    0 3 6    0 3 6    0 3 6    0 3 6    0 3 6    0 3 6    0 3 6    0 3 6    0 3 6    0 3 6    0 3 6    0 3 6    0 3 6    0 3 6    0 3 6    0 3 6    0 3 6    0 3 6    0 3 6    0 3 6    0 3 6    0 3 6    0 3 6    0 3 6    0 3 6    0 3 6    0 3 6    0 3 6    0 3 6    |   8 5 2    8 5 2    8 5 2    8 5 2    8 5 2    8 5 2    8 5 2    8 5 2    8 5 2    8 5 2    8 5 2    8 5 2    8 5 2    8 5 2    8 5 2    8 5 2    8 5 2    8 5 2    8 5 2    8 5 2    8 5 2    8 5 2    8 5 2    8 5 2    8 5 2    8 5 2    8 5 2    8 5 2    8 5 2    8 5 2    8 5 2    

2 5 8    2 5 8    2 5 8    2 5 8    2 5 8    2 5 8    2 5 8    2 5 8    2 5 8    2 5 8    2 5 8    2 5 8    2 5 8    2 5 8    2 5 8    2 5 8    2 5 8    2 5 8    2 5 8    2 5 8    2 5 8    2 5 8    2 5 8    2 5 8    2 5 8    2 5 8    2 5 8    2 5 8    2 5 8    2 5 8    2 5 8    |   6 3 0    6 3 0    6 3 0    6 3 0    6 3 0    6 3 0    6 3 0    6 3 0    6 3 0    6 3 0    6 3 0    6 3 0    6 3 0    6 3 0    6 3 0    6 3 0    6 3 0    6 3 0    6 3 0    6 3 0    6 3 0    6 3 0    6 3 0    6 3 0    6 3 0    6 3 0    6 3 0    6 3 0    6 3 0    6 3 0    6 3 0    
1 4 7    1 4 7    1 4 7    1 4 7    1 4 7    1 4 7    1 4 7    1 4 7    1 4 7    1 4 7    1 4 7    1 4 7    1 4 7    1 4 7    1 4 7    1 4 7    1 4 7    1 4 7    1 4 7    1 4 7    1 4 7    1 4 7    1 4 7    1 4 7    1 4 7    1 4 7    1 4 7    1 4 7    1 4 7    1 4 7    1 4 7    |   7 4 1    7 4 1    7 4 1    7 4 1    7 4 1    7 4 1    7 4 1    7 4 1    7 4 1    7 4 1    7 4 1    7 4 1    7 4 1    7 4 1    7 4 1    7 4 1    7 4 1    7 4 1    7 4 1    7 4 1    7 4 1    7 4 1    7 4 1    7 4 1    7 4 1    7 4 1    7 4 1    7 4 1    7 4 1    7 4 1    7 4 1    
0 3 6    0 3 6    0 3 6    0 3 6    0 3 6    0 3 6    0 3 6    0 3 6    0 3 6    0 3 6    0 3 6    0 3 6    0 3 6    0 3 6    0 3 6    0 3 6    0 3 6    0 3 6    0 3 6    0 3 6    0 3 6    0 3 6    0 3 6    0 3 6    0 3 6    0 3 6    0 3 6    0 3 6    0 3 6    0 3 6    0 3 6    |   8 5 2    8 5 2    8 5 2    8 5 2    8 5 2    8 5 2    8 5 2    8 5 2    8 5 2    8 5 2    8 5 2    8 5 2    8 5 2    8 5 2    8 5 2    8 5 2    8 5 2    8 5 2    8 5 2    8 5 2    8 5 2    8 5 2    8 5 2    8 5 2    8 5 2    8 5 2    8 5 2    8 5 2    8 5 2    8 5 2    8 5 2    

2 5 8    2 5 8    2 5 8    2 5 8    2 5 8    2 5 8    2 5 8    2 5 8    2 5 8    2 5 8    2 5 8    2 5 8    2 5 8    2 5 8    2 5 8    2 5 8    2 5 8    2 5 8    2 5 8    2 5 8    2 5 8    2 5 8    2 5 8    2 5 8    2 5 8    2 5 8    2 5 8    2 5 8    2 5 8    2 5 8    2 5 8    |   6 3 0    6 3 0    6 3 0    6 3 0    6 3 0    6 3 0    6 3 0    6 3 0    6 3 0    6 3 0    6 3 0    6 3 0    6 3 0    6 3 0    6 3 0    6 3 0    6 3 0    6 3 0    6 3 0    6 3 0    6 3 0    6 3 0    6 3 0    6 3 0    6 3 0    6 3 0    6 3 0    6 3 0    6 3 0    6 3 0    6 3 0    
1 4 7    1 4 7    1 4 7    1 4 7    1 4 7    1 4 7    1 4 7    1 4 7    1 4 7    1 4 7    1 4 7    1 4 7    1 4 7    1 4 7    1 4 7    1 4 7    1 4 7    1 4 7    1 4 7    1 4 7    1 4 7    1 4 7    1 4 7    1 4 7    1 4 7    1 4 7    1 4 7    1 4 7    1 4 7    1 4 7    1 4 7    |   7 4 1    7 4 1    7 4 1    7 4 1    7 4 1    7 4 1    7 4 1    7 4 1    7 4 1    7 4 1    7 4 1    7 4 1    7 4 1    7 4 1    7 4 1    7 4 1    7 4 1    7 4 1    7 4 1    7 4 1    7 4 1    7 4 1    7 4 1    7 4 1    7 4 1    7 4 1    7 4 1    7 4 1    7 4 1    7 4 1    7 4 1    
0 3 6    0 3 6    0 3 6    0 3 6    0 3 6    0 3 6    0 3 6    0 3 6    0 3 6    0 3 6    0 3 6    0 3 6    0 3 6    0 3 6    0 3 6    0 3 6    0 3 6    0 3 6    0 3 6    0 3 6    0 3 6    0 3 6    0 3 6    0 3 6    0 3 6    0 3 6    0 3 6    0 3 6    0 3 6    0 3 6    0 3 6    |   8 5 2    8 5 2    8 5 2    8 5 2    8 5 2    8 5 2    8 5 2    8 5 2    8 5 2    8 5 2    8 5 2    8 5 2    8 5 2    8 5 2    8 5 2    8 5 2    8 5 2    8 5 2    8 5 2    8 5 2    8 5 2    8 5 2    8 5 2    8 5 2    8 5 2    8 5 2    8 5 2    8 5 2    8 5 2    8 5 2    8 5 2    

2 5 8    2 5 8    2 5 8    2 5 8    2 5 8    2 5 8    2 5 8    2 5 8    2 5 8    2 5 8    2 5 8    2 5 8    2 5 8    2 5 8    2 5 8    2 5 8    2 5 8    2 5 8    2 5 8    2 5 8    2 5 8    2 5 8    2 5 8    2 5 8    2 5 8    2 5 8    2 5 8    2 5 8    2 5 8    2 5 8    2 5 8    |   6 3 0    6 3 0    6 3 0    6 3 0    6 3 0    6 3 0    6 3 0    6 3 0    6 3 0    6 3 0    6 3 0    6 3 0    6 3 0    6 3 0    6 3 0    6 3 0    6 3 0    6 3 0    6 3 0    6 3 0    6 3 0    6 3 0    6 3 0    6 3 0    6 3 0    6 3 0    6 3 0    6 3 0    6 3 0    6 3 0    6 3 0    
1 4 7    1 4 7    1 4 7    1 4 7    1 4 7    1 4 7    1 4 7    1 4 7    1 4 7    1 4 7    1 4 7    1 4 7    1 4 7    1 4 7    1 4 7    1 4 7    1 4 7    1 4 7    1 4 7    1 4 7    1 4 7    1 4 7    1 4 7    1 4 7    1 4 7    1 4 7    1 4 7    1 4 7    1 4 7    1 4 7    1 4 7    |   7 4 1    7 4 1    7 4 1    7 4 1    7 4 1    7 4 1    7 4 1    7 4 1    7 4 1    7 4 1    7 4 1    7 4 1    7 4 1    7 4 1    7 4 1    7 4 1    7 4 1    7 4 1    7 4 1    7 4 1    7 4 1    7 4 1    7 4 1    7 4 1    7 4 1    7 4 1    7 4 1    7 4 1    7 4 1    7 4 1    7 4 1    
0 3 6    0 3 6    0 3 6    0 3 6    0 3 6    0 3 6    0 3 6    0 3 6    0 3 6    0 3 6    0 3 6    0 3 6    0 3 6    0 3 6    0 3 6    0 3 6    0 3 6    0 3 6    0 3 6    0 3 6    0 3 6    0 3 6    0 3 6    0 3 6    0 3 6    0 3 6    0 3 6    0 3 6    0 3 6    0 3 6    0 3 6    |   8 5 2    8 5 2    8 5 2    8 5 2    8 5 2    8 5 2    8 5 2    8 5 2    8 5 2    8 5 2    8 5 2    8 5 2    8 5 2    8 5 2    8 5 2    8 5 2    8 5 2    8 5 2    8 5 2    8 5 2    8 5 2    8 5 2    8 5 2    8 5 2    8 5 2    8 5 2    8 5 2    8 5 2    8 5 2    8 5 2    8 5 2    

2 5 8    2 5 8    2 5 8    2 5 8    2 5 8    2 5 8    2 5 8    2 5 8    2 5 8    2 5 8    2 5 8    2 5 8    2 5 8    2 5 8    2 5 8    2 5 8    2 5 8    2 5 8    2 5 8    2 5 8    2 5 8    2 5 8    2 5 8    2 5 8    2 5 8    2 5 8    2 5 8    2 5 8    2 5 8    2 5 8    2 5 8    |   6 3 0    6 3 0    6 3 0    6 3 0    6 3 0    6 3 0    6 3 0    6 3 0    6 3 0    6 3 0    6 3 0    6 3 0    6 3 0    6 3 0    6 3 0    6 3 0    6 3 0    6 3 0    6 3 0    6 3 0    6 3 0    6 3 0    6 3 0    6 3 0    6 3 0    6 3 0    6 3 0    6 3 0    6 3 0    6 3 0    6 3 0    
1 4 7    1 4 7    1 4 7    1 4 7    1 4 7    1 4 7    1 4 7    1 4 7    1 4 7    1 4 7    1 4 7    1 4 7    1 4 7    1 4 7    1 4 7    1 4 7    1 4 7    1 4 7    1 4 7    1 4 7    1 4 7    1 4 7    1 4 7    1 4 7    1 4 7    1 4 7    1 4 7    1 4 7    1 4 7    1 4 7    1 4 7    |   7 4 1    7 4 1    7 4 1    7 4 1    7 4 1    7 4 1    7 4 1    7 4 1    7 4 1    7 4 1    7 4 1    7 4 1    7 4 1    7 4 1    7 4 1    7 4 1    7 4 1    7 4 1    7 4 1    7 4 1    7 4 1    7 4 1    7 4 1    7 4 1    7 4 1    7 4 1    7 4 1    7 4 1    7 4 1    7 4 1    7 4 1    
0 3 6    0 3 6    0 3 6    0 3 6    0 3 6    0 3 6    0 3 6    0 3 6    0 3 6    0 3 6    0 3 6    0 3 6    0 3 6    0 3 6    0 3 6    0 3 6    0 3 6    0 3 6    0 3 6    0 3 6    0 3 6    0 3 6    0 3 6    0 3 6    0 3 6    0 3 6    0 3 6    0 3 6    0 3 6    0 3 6    0 3 6    |   8 5 2    8 5 2    8 5 2    8 5 2    8 5 2    8 5 2    8 5 2    8 5 2    8 5 2    8 5 2    8 5 2    8 5 2    8 5 2    8 5 2    8 5 2    8 5 2    8 5 2    8 5 2    8 5 2    8 5 2    8 5 2    8 5 2    8 5 2    8 5 2    8 5 2    8 5 2    8 5 2    8 5 2    8 5 2    8 5 2    8 5 2    

2 5 8    2 5 8    2 5 8    2 5 8    2 5 8    2 5 8    2 5 8    2 5 8    2 5 8    2 5 8    2 5 8    2 5 8    2 5 8    2 5 8    2 5 8    2 5 8    2 5 8    2 5 8    2 5 8    2 5 8    2 5 8    2 5 8    2 5 8    2 5 8    2 5 8    2 5 8    2 5 8    2 5 8    2 5 8    2 5 8    2 5 8    |   6 3 0    6 3 0    6 3 0    6 3 0    6 3 0    6 3 0    6 3 0    6 3 0    6 3 0    6 3 0    6 3 0    6 3 0    6 3 0    6 3 0    6 3 0    6 3 0    6 3 0    6 3 0    6 3 0    6 3 0    6 3 0    6 3 0    6 3 0    6 3 0    6 3 0    6 3 0    6 3 0    6 3 0    6 3 0    6 3 0    6 3 0    
1 4 7    1 4 7    1 4 7    1 4 7    1 4 7    1 4 7    1 4 7    1 4 7    1 4 7    1 4 7    1 4 7    1 4 7    1 4 7    1 4 7    1 4 7    1 4 7    1 4 7    1 4 7    1 4 7    1 4 7    1 4 7    1 4 7    1 4 7    1 4 7    1 4 7    1 4 7    1 4 7    1 4 7    1 4 7    1 4 7    1 4 7    |   7 4 1    7 4 1    7 4 1    7 4 1    7 4 1    7 4 1    7 4 1    7 4 1    7 4 1    7 4 1    7 4 1    7 4 1    7 4 1    7 4 1    7 4 1    7 4 1    7 4 1    7 4 1    7 4 1    7 4 1    7 4 1    7 4 1    7 4 1    7 4 1    7 4 1    7 4 1    7 4 1    7 4 1    7 4 1    7 4 1    7 4 1    
0 3 6    0 3 6    0 3 6    0 3 6    0 3 6    0 3 6    0 3 6    0 3 6    0 3 6    0 3 6    0 3 6    0 3 6    0 3 6    0 3 6    0 3 6    0 3 6    0 3 6    0 3 6    0 3 6    0 3 6    0 3 6    0 3 6    0 3 6    0 3 6    0 3 6    0 3 6    0 3 6    0 3 6    0 3 6    0 3 6    0 3 6    |   8 5 2    8 5 2    8 5 2    8 5 2    8 5 2    8 5 2    8 5 2    8 5 2    8 5 2    8 5 2    8 5 2    8 5 2    8 5 2    8 5 2    8 5 2    8 5 2    8 5 2    8 5 2    8 5 2    8 5 2    8 5 2    8 5 2    8 5 2    8 5 2    8 5 2    8 5 2    8 5 2    8 5 2    8 5 2    8 5 2    8 5 2    

2 5 8    2 5 8    2 5 8    2 5 8    2 5 8    2 5 8    2 5 8    2 5 8    2 5 8    2 5 8    2 5 8    2 5 8    2 5 8    2 5 8    2 5 8    2 5 8    2 5 8    2 5 8    2 5 8    2 5 8    2 5 8    2 5 8    2 5 8    2 5 8    2 5 8    2 5 8    2 5 8    2 5 8    2 5 8    2 5 8    2 5 8    |   6 3 0    6 3 0    6 3 0    6 3 0    6 3 0    6 3 0    6 3 0    6 3 0    6 3 0    6 3 0    6 3 0    6 3 0    6 3 0    6 3 0    6 3 0    6 3 0    6 3 0    6 3 0    6 3 0    6 3 0    6 3 0    6 3 0    6 3 0    6 3 0    6 3 0    6 3 0    6 3 0    6 3 0    6 3 0    6 3 0    6 3 0    
1 4 7    1 4 7    1 4 7    1 4 7    1 4 7    1 4 7    1 4 7    1 4 7    1 4 7    1 4 7    1 4 7    1 4 7    1 4 7    1 4 7    1 4 7    1 4 7    1 4 7    1 4 7    1 4 7    1 4 7    1 4 7    1 4 7    1 4 7    1 4 7    1 4 7    1 4 7    1 4 7    1 4 7    1 4 7    1 4 7    1 4 7    |   7 4 1    7 4 1    7 4 1    7 4 1    7 4 1    7 4 1    7 4 1    7 4 1    7 4 1    7 4 1    7 4 1    7 4 1    7 4 1    7 4 1    7 4 1    7 4 1    7 4 1    7 4 1    7 4 1    7 4 1    7 4 1    7 4 1    7 4 1    7 4 1    7 4 1    7 4 1    7 4 1    7 4 1    7 4 1    7 4 1    7 4 1    
0 3 6    0 3 6    0 3 6    0 3 6    0 3 6    0 3 6    0 3 6    0 3 6    0 3 6    0 3 6    0 3 6    0 3 6    0 3 6    0 3 6    0 3 6    0 3 6    0 3 6    0 3 6    0 3 6    0 3 6    0 3 6    0 3 6    0 3 6    0 3 6    0 3 6    0 3 6    0 3 6    0 3 6    0 3 6    0 3 6    0 3 6    |   8 5 2    8 5 2    8 5 2    8 5 2    8 5 2    8 5 2    8 5 2    8 5 2    8 5 2    8 5 2    8 5 2    8 5 2    8 5 2    8 5 2    8 5 2    8 5 2    8 5 2    8 5 2    8 5 2    8 5 2    8 5 2    8 5 2    8 5 2    8 5 2    8 5 2    8 5 2    8 5 2    8 5 2    8 5 2    8 5 2    8 5 2    

2 5 8    2 5 8    2 5 8    2 5 8    2 5 8    2 5 8    2 5 8    2 5 8    2 5 8    2 5 8    2 5 8    2 5 8    2 5 8    2 5 8    2 5 8    2 5 8    2 5 8    2 5 8    2 5 8    2 5 8    2 5 8    2 5 8    2 5 8    2 5 8    2 5 8    2 5 8    2 5 8    2 5 8    2 5 8    2 5 8    2 5 8    |   6 3 0    6 3 0    6 3 0    6 3 0    6 3 0    6 3 0    6 3 0    6 3 0    6 3 0    6 3 0    6 3 0    6 3 0    6 3 0    6 3 0    6 3 0    6 3 0    6 3 0    6 3 0    6 3 0    6 3 0    6 3 0    6 3 0    6 3 0    6 3 0    6 3 0    6 3 0    6 3 0    6 3 0    6 3 0    6 3 0    6 3 0    
1 4 7    1 4 7    1 4 7    1 4 7    1 4 7    1 4 7    1 4 7    1 4 7    1 4 7    1 4 7    1 4 7    1 4 7    1 4 7    1 4 7    1 4 7    1 4 7    1 4 7    1 4 7    1 4 7    1 4 7    1 4 7    1 4 7    1 4 7    1 4 7    1 4 7    1 4 7    1 4 7    1 4 7    1 4 7    1 4 7    1 4 7    |   7 4 1    7 4 1    7 4 1    7 4 1    7 4 1    7 4 1    7 4 1    7 4 1    7 4 1    7 4 1    7 4 1    7 4 1    7 4 1    7 4 1    7 4 1    7 4 1    7 4 1    7 4 1    7 4 1    7 4 1    7 4 1    7 4 1    7 4 1    7 4 1    7 4 1    7 4 1    7 4 1    7 4 1    7 4 1    7 4 1    7 4 1    
0 3 6    0 3 6    0 3 6    0 3 6    0 3 6    0 3 6    0 3 6    0 3 6    0 3 6    0 3 6    0 3 6    0 3 6    0 3 6    0 3 6    0 3 6    0 3 6    0 3 6    0 3 6    0 3 6    0 3 6    0 3 6    0 3 6    0 3 6    0 3 6    0 3 6    0 3 6    0 3 6    0 3 6    0 3 6    0 3 6    0 3 6    |   8 5 2    8 5 2    8 5 2    8 5 2    8 5 2    8 5 2    8 5 2    8 5 2    8 5 2    8 5 2    8 5 2    8 5 2    8 5 2    8 5 2    8 5 2    8 5 2    8 5 2    8 5 2    8 5 2    8 5 2    8 5 2    8 5 2    8 5 2    8 5 2    8 5 2    8 5 2    8 5 2    8 5 2    8 5 2    8 5 2    8 5 2    

2 5 8    2 5 8    2 5 8    2 5 8    2 5 8    2 5 8    2 5 8    2 5 8    2 5 8    2 5 8    2 5 8    2 5 8    2 5 8    2 5 8    2 5 8    2 5 8    2 5 8    2 5 8    2 5 8    2 5 8    2 5 8    2 5 8    2 5 8    2 5 8    2 5 8    2 5 8    2 5 8    2 5 8    2 5 8    2 5 8    2 5 8    |   6 3 0    6 3 0    6 3 0    6 3 0    6 3 0    6 3 0    6 3 0    6 3 0    6 3 0    6 3 0    6 3 0    6 3 0    6 3 0    6 3 0    6 3 0    6 3 0    6 3 0    6 3 0    6 3 0    6 3 0    6 3 0    6 3 0    6 3 0    6 3 0    6 3 0    6 3 0    6 3 0    6 3 0    6 3 0    6 3 0    6 3 0    
1 4 7    1 4 7    1 4 7    1 4 7    1 4 7    1 4 7    1 4 7    1 4 7    1 4 7    1 4 7    1 4 7    1 4 7    1 4 7    1 4 7    1 4 7    1 4 7    1 4 7    1 4 7    1 4 7    1 4 7    1 4 7    1 4 7    1 4 7    1 4 7    1 4 7    1 4 7    1 4 7    1 4 7    1 4 7    1 4 7    1 4 7    |   7 4 1    7 4 1    7 4 1    7 4 1    7 4 1    7 4 1    7 4 1    7 4 1    7 4 1    7 4 1    7 4 1    7 4 1    7 4 1    7 4 1    7 4 1    7 4 1    7 4 1    7 4 1    7 4 1    7 4 1    7 4 1    7 4 1    7 4 1    7 4 1    7 4 1    7 4 1    7 4 1    7 4 1    7 4 1    7 4 1    7 4 1    
0 3 6    0 3 6    0 3 6    0 3 6    0 3 6    0 3 6    0 3 6    0 3 6    0 3 6    0 3 6    0 3 6    0 3 6    0 3 6    0 3 6    0 3 6    0 3 6    0 3 6    0 3 6    0 3 6    0 3 6    0 3 6    0 3 6    0 3 6    0 3 6    0 3 6    0 3 6    0 3 6    0 3 6    0 3 6    0 3 6    0 3 6    |   8 5 2    8 5 2    8 5 2    8 5 2    8 5 2    8 5 2    8 5 2    8 5 2    8 5 2    8 5 2    8 5 2    8 5 2    8 5 2    8 5 2    8 5 2    8 5 2    8 5 2    8 5 2    8 5 2    8 5 2    8 5 2    8 5 2    8 5 2    8 5 2    8 5 2    8 5 2    8 5 2    8 5 2    8 5 2    8 5 2    8 5 2    

2 5 8    2 5 8    2 5 8    2 5 8    2 5 8    2 5 8    2 5 8    2 5 8    2 5 8    2 5 8    2 5 8    2 5 8    2 5 8    2 5 8    2 5 8    2 5 8    2 5 8    2 5 8    2 5 8    2 5 8    2 5 8    2 5 8    2 5 8    2 5 8    2 5 8    2 5 8    2 5 8    2 5 8    2 5 8    2 5 8    2 5 8    |   6 3 0    6 3 0    6 3 0    6 3 0    6 3 0    6 3 0    6 3 0    6 3 0    6 3 0    6 3 0    6 3 0    6 3 0    6 3 0    6 3 0    6 3 0    6 3 0    6 3 0    6 3 0    6 3 0    6 3 0    6 3 0    6 3 0    6 3 0    6 3 0    6 3 0    6 3 0    6 3 0    6 3 0    6 3 0    6 3 0    6 3 0    
1 4 7    1 4 7    1 4 7    1 4 7    1 4 7    1 4 7    1 4 7    1 4 7    1 4 7    1 4 7    1 4 7    1 4 7    1 4 7    1 4 7    1 4 7    1 4 7    1 4 7    1 4 7    1 4 7    1 4 7    1 4 7    1 4 7    1 4 7    1 4 7    1 4 7    1 4 7    1 4 7    1 4 7    1 4 7    1 4 7    1 4 7    |   7 4 1    7 4 1    7 4 1    7 4 1    7 4 1    7 4 1    7 4 1    7 4 1    7 4 1    7 4 1    7 4 1    7 4 1    7 4 1    7 4 1    7 4 1    7 4 1    7 4 1    7 4 1    7 4 1    7 4 1    7 4 1    7 4 1    7 4 1    7 4 1    7 4 1    7 4 1    7 4 1    7 4 1    7 4 1    7 4 1    7 4 1    
0 3 6    0 3 6    0 3 6    0 3 6    0 3 6    0 3 6    0 3 6    0 3 6    0 3 6    0 3 6    0 3 6    0 3 6    0 3 6    0 3 6    0 3 6    0 3 6    0 3 6    0 3 6    0 3 6    0 3 6    0 3 6    0 3 6    0 3 6    0 3 6    0 3 6    0 3 6    0 3 6    0 3 6    0 3 6    0 3 6    0 3 6    |   8 5 2    8 5 2    8 5 2    8 5 2    8 5 2    8 5 2    8 5 2    8 5 2    8 5 2    8 5 2    8 5 2    8 5 2    8 5 2    8 5 2    8 5 2    8 5 2    8 5 2    8 5 2    8 5 2    8 5 2    8 5 2    8 5 2    8 5 2    8 5 2    8 5 2    8 5 2    8 5 2    8 5 2    8 5 2    8 5 2    8 5 2    

2 5 8    2 5 8    2 5 8    2 5 8    2 5 8    2 5 8    2 5 8    2 5 8    2 5 8    2 5 8    2 5 8    2 5 8    2 5 8    2 5 8    2 5 8    2 5 8    2 5 8    2 5 8    2 5 8    2 5 8    2 5 8    2 5 8    2 5 8    2 5 8    2 5 8    2 5 8    2 5 8    2 5 8    2 5 8    2 5 8    2 5 8    |   6 3 0    6 3 0    6 3 0    6 3 0    6 3 0    6 3 0    6 3 0    6 3 0    6 3 0    6 3 0    6 3 0    6 3 0    6 3 0    6 3 0    6 3 0    6 3 0    6 3 0    6 3 0    6 3 0    6 3 0    6 3 0    6 3 0    6 3 0    6 3 0    6 3 0    6 3 0    6 3 0    6 3 0    6 3 0    6 3 0    6 3 0    
1 4 7    1 4 7    1 4 7    1 4 7    1 4 7    1 4 7    1 4 7    1 4 7    1 4 7    1 4 7    1 4 7    1 4 7    1 4 7    1 4 7    1 4 7    1 4 7    1 4 7    1 4 7    1 4 7    1 4 7    1 4 7    1 4 7    1 4 7    1 4 7    1 4 7    1 4 7    1 4 7    1 4 7    1 4 7    1 4 7    1 4 7    |   7 4 1    7 4 1    7 4 1    7 4 1    7 4 1    7 4 1    7 4 1    7 4 1    7 4 1    7 4 1    7 4 1    7 4 1    7 4 1    7 4 1    7 4 1    7 4 1    7 4 1    7 4 1    7 4 1    7 4 1    7 4 1    7 4 1    7 4 1    7 4 1    7 4 1    7 4 1    7 4 1    7 4 1    7 4 1    7 4 1    7 4 1    
0 3 6    0 3 6    0 3 6    0 3 6    0 3 6    0 3 6    0 3 6    0 3 6    0 3 6    0 3 6    0 3 6    0 3 6    0 3 6    0 3 6    0 3 6    0 3 6    0 3 6    0 3 6    0 3 6    0 3 6    0 3 6    0 3 6    0 3 6    0 3 6    0 3 6    0 3 6    0 3 6    0 3 6    0 3 6    0 3 6    0 3 6    |   8 5 2    8 5 2    8 5 2    8 5 2    8 5 2    8 5 2    8 5 2    8 5 2    8 5 2    8 5 2    8 5 2    8 5 2    8 5 2    8 5 2    8 5 2    8 5 2    8 5 2    8 5 2    8 5 2    8 5 2    8 5 2    8 5 2    8 5 2    8 5 2    8 5 2    8 5 2    8 5 2    8 5 2    8 5 2    8 5 2    8 5 2    

2 5 8    2 5 8    2 5 8    2 5 8    2 5 8    2 5 8    2 5 8    2 5 8    2 5 8    2 5 8    2 5 8    2 5 8    2 5 8    2 5 8    2 5 8    2 5 8    2 5 8    2 5 8    2 5 8    2 5 8    2 5 8    2 5 8    2 5 8    2 5 8    2 5 8    2 5 8    2 5 8    2 5 8    2 5 8    2 5 8    2 5 8    |   6 3 0    6 3 0    6 3 0    6 3 0    6 3 0    6 3 0    6 3 0    6 3 0    6 3 0    6 3 0    6 3 0    6 3 0    6 3 0    6 3 0    6 3 0    6 3 0    6 3 0    6 3 0    6 3 0    6 3 0    6 3 0    6 3 0    6 3 0    6 3 0    6 3 0    6 3 0    6 3 0    6 3 0    6 3 0    6 3 0    6 3 0    
1 4 7    1 4 7    1 4 7    1 4 7    1 4 7    1 4 7    1 4 7    1 4 7    1 4 7    1 4 7    1 4 7    1 4 7    1 4 7    1 4 7    1 4 7    1 4 7    1 4 7    1 4 7    1 4 7    1 4 7    1 4 7    1 4 7    1 4 7    1 4 7    1 4 7    1 4 7    1 4 7    1 4 7    1 4 7    1 4 7    1 4 7    |   7 4 1    7 4 1    7 4 1    7 4 1    7 4 1    7 4 1    7 4 1    7 4 1    7 4 1    7 4 1    7 4 1    7 4 1    7 4 1    7 4 1    7 4 1    7 4 1    7 4 1    7 4 1    7 4 1    7 4 1    7 4 1    7 4 1    7 4 1    7 4 1    7 4 1    7 4 1    7 4 1    7 4 1    7 4 1    7 4 1    7 4 1    
0 3 6    0 3 6    0 3 6    0 3 6    0 3 6    0 3 6    0 3 6    0 3 6    0 3 6    0 3 6    0 3 6    0 3 6    0 3 6    0 3 6    0 3 6    0 3 6    0 3 6    0 3 6    0 3 6    0 3 6    0 3 6    0 3 6    0 3 6    0 3 6    0 3 6    0 3 6    0 3 6    0 3 6    0 3 6    0 3 6    0 3 6    |   8 5 2    8 5 2    8 5 2    8 5 2    8 5 2    8 5 2    8 5 2    8 5 2    8 5 2    8 5 2    8 5 2    8 5 2    8 5 2    8 5 2    8 5 2    8 5 2    8 5 2    8 5 2    8 5 2    8 5 2    8 5 2    8 5 2    8 5 2    8 5 2    8 5 2    8 5 2    8 5 2    8 5 2    8 5 2    8 5 2    8 5 2    

2 5 8    2 5 8    2 5 8    2 5 8    2 5 8    2 5 8    2 5 8    2 5 8    2 5 8    2 5 8    2 5 8    2 5 8    2 5 8    2 5 8    2 5 8    2 5 8    2 5 8    2 5 8    2 5 8    2 5 8    2 5 8    2 5 8    2 5 8    2 5 8    2 5 8    2 5 8    2 5 8    2 5 8    2 5 8    2 5 8    2 5 8    |   6 3 0    6 3 0    6 3 0    6 3 0    6 3 0    6 3 0    6 3 0    6 3 0    6 3 0    6 3 0    6 3 0    6 3 0    6 3 0    6 3 0    6 3 0    6 3 0    6 3 0    6 3 0    6 3 0    6 3 0    6 3 0    6 3 0    6 3 0    6 3 0    6 3 0    6 3 0    6 3 0    6 3 0    6 3 0    6 3 0    6 3 0    
1 4 7    1 4 7    1 4 7    1 4 7    1 4 7    1 4 7    1 4 7    1 4 7    1 4 7    1 4 7    1 4 7    1 4 7    1 4 7    1 4 7    1 4 7    1 4 7    1 4 7    1 4 7    1 4 7    1 4 7    1 4 7    1 4 7    1 4 7    1 4 7    1 4 7    1 4 7    1 4 7    1 4 7    1 4 7    1 4 7    1 4 7    |   7 4 1    7 4 1    7 4 1    7 4 1    7 4 1    7 4 1    7 4 1    7 4 1    7 4 1    7 4 1    7 4 1    7 4 1    7 4 1    7 4 1    7 4 1    7 4 1    7 4 1    7 4 1    7 4 1    7 4 1    7 4 1    7 4 1    7 4 1    7 4 1    7 4 1    7 4 1    7 4 1    7 4 1    7 4 1    7 4 1    7 4 1    
0 3 6    0 3 6    0 3 6    0 3 6    0 3 6    0 3 6    0 3 6    0 3 6    0 3 6    0 3 6    0 3 6    0 3 6    0 3 6    0 3 6    0 3 6    0 3 6    0 3 6    0 3 6    0 3 6    0 3 6    0 3 6    0 3 6    0 3 6    0 3 6    0 3 6    0 3 6    0 3 6    0 3 6    0 3 6    0 3 6    0 3 6    |   8 5 2    8 5 2    8 5 2    8 5 2    8 5 2    8 5 2    8 5 2    8 5 2    8 5 2    8 5 2    8 5 2    8 5 2    8 5 2    8 5 2    8 5 2    8 5 2    8 5 2    8 5 2    8 5 2    8 5 2    8 5 2    8 5 2    8 5 2    8 5 2    8 5 2    8 5 2    8 5 2    8 5 2    8 5 2    8 5 2    8 5 2    

2 5 8    2 5 8    2 5 8    2 5 8    2 5 8    2 5 8    2 5 8    2 5 8    2 5 8    2 5 8    2 5 8    2 5 8    2 5 8    2 5 8    2 5 8    2 5 8    2 5 8    2 5 8    2 5 8    2 5 8    2 5 8    2 5 8    2 5 8    2 5 8    2 5 8    2 5 8    2 5 8    2 5 8    2 5 8    2 5 8    2 5 8    |   6 3 0    6 3 0    6 3 0    6 3 0    6 3 0    6 3 0    6 3 0    6 3 0    6 3 0    6 3 0    6 3 0    6 3 0    6 3 0    6 3 0    6 3 0    6 3 0    6 3 0    6 3 0    6 3 0    6 3 0    6 3 0    6 3 0    6 3 0    6 3 0    6 3 0    6 3 0    6 3 0    6 3 0    6 3 0    6 3 0    6 3 0    
1 4 7    1 4 7    1 4 7    1 4 7    1 4 7    1 4 7    1 4 7    1 4 7    1 4 7    1 4 7    1 4 7    1 4 7    1 4 7    1 4 7    1 4 7    1 4 7    1 4 7    1 4 7    1 4 7    1 4 7    1 4 7    1 4 7    1 4 7    1 4 7    1 4 7    1 4 7    1 4 7    1 4 7    1 4 7    1 4 7    1 4 7    |   7 4 1    7 4 1    7 4 1    7 4 1    7 4 1    7 4 1    7 4 1    7 4 1    7 4 1    7 4 1    7 4 1    7 4 1    7 4 1    7 4 1    7 4 1    7 4 1    7 4 1    7 4 1    7 4 1    7 4 1    7 4 1    7 4 1    7 4 1    7 4 1    7 4 1    7 4 1    7 4 1    7 4 1    7 4 1    7 4 1    7 4 1    
0 3 6    0 3 6    0 3 6    0 3 6    0 3 6    0 3 6    0 3 6    0 3 6    0 3 6    0 3 6    0 3 6    0 3 6    0 3 6    0 3 6    0 3 6    0 3 6    0 3 6    0 3 6    0 3 6    0 3 6    0 3 6    0 3 6    0 3 6    0 3 6    0 3 6    0 3 6    0 3 6    0 3 6    0 3 6    0 3 6    0 3 6    |   8 5 2    8 5 2    8 5 2    8 5 2    8 5 2    8 5 2    8 5 2    8 5 2    8 5 2    8 5 2    8 5 2    8 5 2    8 5 2    8 5 2    8 5 2    8 5 2    8 5 2    8 5 2    8 5 2    8 5 2    8 5 2    8 5 2    8 5 2    8 5 2    8 5 2    8 5 2    8 5 2    8 5 2    8 5 2    8 5 2    8 5 2    

2 5 8    2 5 8    2 5 8    2 5 8    2 5 8    2 5 8    2 5 8    2 5 8    2 5 8    2 5 8    2 5 8    2 5 8    2 5 8    2 5 8    2 5 8    2 5 8    2 5 8    2 5 8    2 5 8    2 5 8    2 5 8    2 5 8    2 5 8    2 5 8    2 5 8    2 5 8    2 5 8    2 5 8    2 5 8    2 5 8    2 5 8    |   6 3 0    6 3 0    6 3 0    6 3 0    6 3 0    6 3 0    6 3 0    6 3 0    6 3 0    6 3 0    6 3 0    6 3 0    6 3 0    6 3 0    6 3 0    6 3 0    6 3 0    6 3 0    6 3 0    6 3 0    6 3 0    6 3 0    6 3 0    6 3 0    6 3 0    6 3 0    6 3 0    6 3 0    6 3 0    6 3 0    6 3 0    
1 4 7    1 4 7    1 4 7    1 4 7    1 4 7    1 4 7    1 4 7    1 4 7    1 4 7    1 4 7    1 4 7    1 4 7    1 4 7    1 4 7    1 4 7    1 4 7    1 4 7    1 4 7    1 4 7    1 4 7    1 4 7    1 4 7    1 4 7    1 4 7    1 4 7    1 4 7    1 4 7    1 4 7    1 4 7    1 4 7    1 4 7    |   7 4 1    7 4 1    7 4 1    7 4 1    7 4 1    7 4 1    7 4 1    7 4 1    7 4 1    7 4 1    7 4 1    7 4 1    7 4 1    7 4 1    7 4 1    7 4 1    7 4 1    7 4 1    7 4 1    7 4 1    7 4 1    7 4 1    7 4 1    7 4 1    7 4 1    7 4 1    7 4 1    7 4 1    7 4 1    7 4 1    7 4 1    
0 3 6    0 3 6    0 3 6    0 3 6    0 3 6    0 3 6    0 3 6    0 3 6    0 3 6    0 3 6    0 3 6    0 3 6    0 3 6    0 3 6    0 3 6    0 3 6    0 3 6    0 3 6    0 3 6    0 3 6    0 3 6    0 3 6    0 3 6    0 3 6    0 3 6    0 3 6    0 3 6    0 3 6    0 3 6    0 3 6    0 3 6    |   8 5 2    8 5 2    8 5 2    8 5 2    8 5 2    8 5 2    8 5 2    8 5 2    8 5 2    8 5 2    8 5 2    8 5 2    8 5 2    8 5 2    8 5 2    8 5 2    8 5 2    8 5 2    8 5 2    8 5 2    8 5 2    8 5 2    8 5 2    8 5 2    8 5 2    8 5 2    8 5 2    8 5 2    8 5 2    8 5 2    8 5 2    

2 5 8    2 5 8    2 5 8    2 5 8    2 5 8    2 5 8    2 5 8    2 5 8    2 5 8    2 5 8    2 5 8    2 5 8    2 5 8    2 5 8    2 5 8    2 5 8    2 5 8    2 5 8    2 5 8    2 5 8    2 5 8    2 5 8    2 5 8    2 5 8    2 5 8    2 5 8    2 5 8    2 5 8    2 5 8    2 5 8    2 5 8    |   6 3 0    6 3 0    6 3 0    6 3 0    6 3 0    6 3 0    6 3 0    6 3 0    6 3 0    6 3 0    6 3 0    6 3 0    6 3 0    6 3 0    6 3 0    6 3 0    6 3 0    6 3 0    6 3 0    6 3 0    6 3 0    6 3 0    6 3 0    6 3 0    6 3 0    6 3 0    6 3 0    6 3 0    6 3 0    6 3 0    6 3 0    
1 4 7    1 4 7    1 4 7    1 4 7    1 4 7    1 4 7    1 4 7    1 4 7    1 4 7    1 4 7    1 4 7    1 4 7    1 4 7    1 4 7    1 4 7    1 4 7    1 4 7    1 4 7    1 4 7    1 4 7    1 4 7    1 4 7    1 4 7    1 4 7    1 4 7    1 4 7    1 4 7    1 4 7    1 4 7    1 4 7    1 4 7    |   7 4 1    7 4 1    7 4 1    7 4 1    7 4 1    7 4 1    7 4 1    7 4 1    7 4 1    7 4 1    7 4 1    7 4 1    7 4 1    7 4 1    7 4 1    7 4 1    7 4 1    7 4 1    7 4 1    7 4 1    7 4 1    7 4 1    7 4 1    7 4 1    7 4 1    7 4 1    7 4 1    7 4 1    7 4 1    7 4 1    7 4 1    
0 3 6    0 3 6    0 3 6    0 3 6    0 3 6    0 3 6    0 3 6    0 3 6    0 3 6    0 3 6    0 3 6    0 3 6    0 3 6    0 3 6    0 3 6    0 3 6    0 3 6    0 3 6    0 3 6    0 3 6    0 3 6    0 3 6    0 3 6    0 3 6    0 3 6    0 3 6    0 3 6    0 3 6    0 3 6    0 3 6    0 3 6    |   8 5 2    8 5 2    8 5 2    8 5 2    8 5 2    8 5 2    8 5 2    8 5 2    8 5 2    8 5 2    8 5 2    8 5 2    8 5 2    8 5 2    8 5 2    8 5 2    8 5 2    8 5 2    8 5 2    8 5 2    8 5 2    8 5 2    8 5 2    8 5 2    8 5 2    8 5 2    8 5 2    8 5 2    8 5 2    8 5 2    8 5 2    

2 5 8    2 5 8    2 5 8    2 5 8    2 5 8    2 5 8    2 5 8    2 5 8    2 5 8    2 5 8    2 5 8    2 5 8    2 5 8    2 5 8    2 5 8    2 5 8    2 5 8    2 5 8    2 5 8    2 5 8    2 5 8    2 5 8    2 5 8    2 5 8    2 5 8    2 5 8    2 5 8    2 5 8    2 5 8    2 5 8    2 5 8    |   6 3 0    6 3 0    6 3 0    6 3 0    6 3 0    6 3 0    6 3 0    6 3 0    6 3 0    6 3 0    6 3 0    6 3 0    6 3 0    6 3 0    6 3 0    6 3 0    6 3 0    6 3 0    6 3 0    6 3 0    6 3 0    6 3 0    6 3 0    6 3 0    6 3 0    6 3 0    6 3 0    6 3 0    6 3 0    6 3 0    6 3 0    
1 4 7    1 4 7    1 4 7    1 4 7    1 4 7    1 4 7    1 4 7    1 4 7    1 4 7    1 4 7    1 4 7    1 4 7    1 4 7    1 4 7    1 4 7    1 4 7    1 4 7    1 4 7    1 4 7    1 4 7    1 4 7    1 4 7    1 4 7    1 4 7    1 4 7    1 4 7    1 4 7    1 4 7    1 4 7    1 4 7    1 4 7    |   7 4 1    7 4 1    7 4 1    7 4 1    7 4 1    7 4 1    7 4 1    7 4 1    7 4 1    7 4 1    7 4 1    7 4 1    7 4 1    7 4 1    7 4 1    7 4 1    7 4 1    7 4 1    7 4 1    7 4 1    7 4 1    7 4 1    7 4 1    7 4 1    7 4 1    7 4 1    7 4 1    7 4 1    7 4 1    7 4 1    7 4 1    
0 3 6    0 3 6    0 3 6    0 3 6    0 3 6    0 3 6    0 3 6    0 3 6    0 3 6    0 3 6    0 3 6    0 3 6    0 3 6    0 3 6    0 3 6    0 3 6    0 3 6    0 3 6    0 3 6    0 3 6    0 3 6    0 3 6    0 3 6    0 3 6    0 3 6    0 3 6    0 3 6    0 3 6    0 3 6    0 3 6    0 3 6    |   8 5 2    8 5 2    8 5 2    8 5 2    8 5 2    8 5 2    8 5 2    8 5 2    8 5 2    8 5 2    8 5 2    8 5 2    8 5 2    8 5 2    8 5 2    8 5 2    8 5 2    8 5 2    8 5 2    8 5 2    8 5 2    8 5 2    8 5 2    8 5 2    8 5 2    8 5 2    8 5 2    8 5 2    8 5 2    8 5 2    8 5 2    

2 5 8    2 5 8    2 5 8    2 5 8    2 5 8    2 5 8    2 5 8    2 5 8    2 5 8    2 5 8    2 5 8    2 5 8    2 5 8    2 5 8    2 5 8    2 5 8    2 5 8    2 5 8    2 5 8    2 5 8    2 5 8    2 5 8    2 5 8    2 5 8    2 5 8    2 5 8    2 5 8    2 5 8    2 5 8    2 5 8    2 5 8    |   6 3 0    6 3 0    6 3 0    6 3 0    6 3 0    6 3 0    6 3 0    6 3 0    6 3 0    6 3 0    6 3 0    6 3 0    6 3 0    6 3 0    6 3 0    6 3 0    6 3 0    6 3 0    6 3 0    6 3 0    6 3 0    6 3 0    6 3 0    6 3 0    6 3 0    6 3 0    6 3 0    6 3 0    6 3 0    6 3 0    6 3 0    
1 4 7    1 4 7    1 4 7    1 4 7    1 4 7    1 4 7    1 4 7    1 4 7    1 4 7    1 4 7    1 4 7    1 4 7    1 4 7    1 4 7    1 4 7    1 4 7    1 4 7    1 4 7    1 4 7    1 4 7    1 4 7    1 4 7    1 4 7    1 4 7    1 4 7    1 4 7    1 4 7    1 4 7    1 4 7    1 4 7    1 4 7    |   7 4 1    7 4 1    7 4 1    7 4 1    7 4 1    7 4 1    7 4 1    7 4 1    7 4 1    7 4 1    7 4 1    7 4 1    7 4 1    7 4 1    7 4 1    7 4 1    7 4 1    7 4 1    7 4 1    7 4 1    7 4 1    7 4 1    7 4 1    7 4 1    7 4 1    7 4 1    7 4 1    7 4 1    7 4 1    7 4 1    7 4 1    
0 3 6    0 3 6    0 3 6    0 3 6    0 3 6    0 3 6    0 3 6    0 3 6    0 3 6    0 3 6    0 3 6    0 3 6    0 3 6    0 3 6    0 3 6    0 3 6    0 3 6    0 3 6    0 3 6    0 3 6    0 3 6    0 3 6    0 3 6    0 3 6    0 3 6    0 3 6    0 3 6    0 3 6    0 3 6    0 3 6    0 3 6    |   8 5 2    8 5 2    8 5 2    8 5 2    8 5 2    8 5 2    8 5 2    8 5 2    8 5 2    8 5 2    8 5 2    8 5 2    8 5 2    8 5 2    8 5 2    8 5 2    8 5 2    8 5 2    8 5 2    8 5 2    8 5 2    8 5 2    8 5 2    8 5 2    8 5 2    8 5 2    8 5 2    8 5 2    8 5 2    8 5 2    8 5 2    

2 5 8    2 5 8    2 5 8    2 5 8    2 5 8    2 5 8    2 5 8    2 5 8    2 5 8    2 5 8    2 5 8    2 5 8    2 5 8    2 5 8    2 5 8    2 5 8    2 5 8    2 5 8    2 5 8    2 5 8    2 5 8    2 5 8    2 5 8    2 5 8    2 5 8    2 5 8    2 5 8    2 5 8    2 5 8    2 5 8    2 5 8    |   6 3 0    6 3 0    6 3 0    6 3 0    6 3 0    6 3 0    6 3 0    6 3 0    6 3 0    6 3 0    6 3 0    6 3 0    6 3 0    6 3 0    6 3 0    6 3 0    6 3 0    6 3 0    6 3 0    6 3 0    6 3 0    6 3 0    6 3 0    6 3 0    6 3 0    6 3 0    6 3 0    6 3 0    6 3 0    6 3 0    6 3 0    
1 4 7    1 4 7    1 4 7    1 4 7    1 4 7    1 4 7    1 4 7    1 4 7    1 4 7    1 4 7    1 4 7    1 4 7    1 4 7    1 4 7    1 4 7    1 4 7    1 4 7    1 4 7    1 4 7    1 4 7    1 4 7    1 4 7    1 4 7    1 4 7    1 4 7    1 4 7    1 4 7    1 4 7    1 4 7    1 4 7    1 4 7    |   7 4 1    7 4 1    7 4 1    7 4 1    7 4 1    7 4 1    7 4 1    7 4 1    7 4 1    7 4 1    7 4 1    7 4 1    7 4 1    7 4 1    7 4 1    7 4 1    7 4 1    7 4 1    7 4 1    7 4 1    7 4 1    7 4 1    7 4 1    7 4 1    7 4 1    7 4 1    7 4 1    7 4 1    7 4 1    7 4 1    7 4 1    
0 3 6    0 3 6    0 3 6    0 3 6    0 3 6    0 3 6    0 3 6    0 3 6    0 3 6    0 3 6    0 3 6    0 3 6    0 3 6    0 3 6    0 3 6    0 3 6    0 3 6    0 3 6    0 3 6    0 3 6    0 3 6    0 3 6    0 3 6    0 3 6    0 3 6    0 3 6    0 3 6    0 3 6    0 3 6    0 3 6    0 3 6    |   8 5 2    8 5 2    8 5 2    8 5 2    8 5 2    8 5 2    8 5 2    8 5 2    8 5 2    8 5 2    8 5 2    8 5 2    8 5 2    8 5 2    8 5 2    8 5 2    8 5 2    8 5 2    8 5 2    8 5 2    8 5 2    8 5 2    8 5 2    8 5 2    8 5 2    8 5 2    8 5 2    8 5 2    8 5 2    8 5 2    8 5 2    

2 5 8    2 5 8    2 5 8    2 5 8    2 5 8    2 5 8    2 5 8    2 5 8    2 5 8    2 5 8    2 5 8    2 5 8    2 5 8    2 5 8    2 5 8    2 5 8    2 5 8    2 5 8    2 5 8    2 5 8    2 5 8    2 5 8    2 5 8    2 5 8    2 5 8    2 5 8    2 5 8    2 5 8    2 5 8    2 5 8    2 5 8    |   6 3 0    6 3 0    6 3 0    6 3 0    6 3 0    6 3 0    6 3 0    6 3 0    6 3 0    6 3 0    6 3 0    6 3 0    6 3 0    6 3 0    6 3 0    6 3 0    6 3 0    6 3 0    6 3 0    6 3 0    6 3 0    6 3 0    6 3 0    6 3 0    6 3 0    6 3 0    6 3 0    6 3 0    6 3 0    6 3 0    6 3 0    
1 4 7    1 4 7    1 4 7    1 4 7    1 4 7    1 4 7    1 4 7    1 4 7    1 4 7    1 4 7    1 4 7    1 4 7    1 4 7    1 4 7    1 4 7    1 4 7    1 4 7    1 4 7    1 4 7    1 4 7    1 4 7    1 4 7    1 4 7    1 4 7    1 4 7    1 4 7    1 4 7    1 4 7    1 4 7    1 4 7    1 4 7    |   7 4 1    7 4 1    7 4 1    7 4 1    7 4 1    7 4 1    7 4 1    7 4 1    7 4 1    7 4 1    7 4 1    7 4 1    7 4 1    7 4 1    7 4 1    7 4 1    7 4 1    7 4 1    7 4 1    7 4 1    7 4 1    7 4 1    7 4 1    7 4 1    7 4 1    7 4 1    7 4 1    7 4 1    7 4 1    7 4 1    7 4 1    
0 3 6    0 3 6    0 3 6    0 3 6    0 3 6    0 3 6    0 3 6    0 3 6    0 3 6    0 3 6    0 3 6    0 3 6    0 3 6    0 3 6    0 3 6    0 3 6    0 3 6    0 3 6    0 3 6    0 3 6    0 3 6    0 3 6    0 3 6    0 3 6    0 3 6    0 3 6    0 3 6    0 3 6    0 3 6    0 3 6    0 3 6    |   8 5 2    8 5 2    8 5 2    8 5 2    8 5 2    8 5 2    8 5 2    8 5 2    8 5 2    8 5 2    8 5 2    8 5 2    8 5 2    8 5 2    8 5 2    8 5 2    8 5 2    8 5 2    8 5 2    8 5 2    8 5 2    8 5 2    8 5 2    8 5 2    8 5 2    8 5 2    8 5 2    8 5 2    8 5 2    8 5 2    8 5 2    

2 5 8    2 5 8    2 5 8    2 5 8    2 5 8    2 5 8    2 5 8    2 5 8    2 5 8    2 5 8    2 5 8    2 5 8    2 5 8    2 5 8    2 5 8    2 5 8    2 5 8    2 5 8    2 5 8    2 5 8    2 5 8    2 5 8    2 5 8    2 5 8    2 5 8    2 5 8    2 5 8    2 5 8    2 5 8    2 5 8    2 5 8    |   6 3 0    6 3 0    6 3 0    6 3 0    6 3 0    6 3 0    6 3 0    6 3 0    6 3 0    6 3 0    6 3 0    6 3 0    6 3 0    6 3 0    6 3 0    6 3 0    6 3 0    6 3 0    6 3 0    6 3 0    6 3 0    6 3 0    6 3 0    6 3 0    6 3 0    6 3 0    6 3 0    6 3 0    6 3 0    6 3 0    6 3 0    
1 4 7    1 4 7    1 4 7    1 4 7    1 4 7    1 4 7    1 4 7    1 4 7    1 4 7    1 4 7    1 4 7    1 4 7    1 4 7    1 4 7    1 4 7    1 4 7    1 4 7    1 4 7    1 4 7    1 4 7    1 4 7    1 4 7    1 4 7    1 4 7    1 4 7    1 4 7    1 4 7    1 4 7    1 4 7    1 4 7    1 4 7    |   7 4 1    7 4 1    7 4 1    7 4 1    7 4 1    7 4 1    7 4 1    7 4 1    7 4 1    7 4 1    7 4 1    7 4 1    7 4 1    7 4 1    7 4 1    7 4 1    7 4 1    7 4 1    7 4 1    7 4 1    7 4 1    7 4 1    7 4 1    7 4 1    7 4 1    7 4 1    7 4 1    7 4 1    7 4 1    7 4 1    7 4 1    
0 3 6    0 3 6    0 3 6    0 3 6    0 3 6    0 3 6    0 3 6    0 3 6    0 3 6    0 3 6    0 3 6    0 3 6    0 3 6    0 3 6    0 3 6    0 3 6    0 3 6    0 3 6    0 3 6    0 3 6    0 3 6    0 3 6    0 3 6    0 3 6    0 3 6    0 3 6    0 3 6    0 3 6    0 3 6    0 3 6    0 3 6    |   8 5 2    8 5 2    8 5 2    8 5 2    8 5 2    8 5 2    8 5 2    8 5 2    8 5 2    8 5 2    8 5 2    8 5 2    8 5 2    8 5 2    8 5 2    8 5 2    8 5 2    8 5 2    8 5 2    8 5 2    8 5 2    8 5 2    8 5 2    8 5 2    8 5 2    8 5 2    8 5 2    8 5 2    8 5 2    8 5 2    8 5 2    

2 5 8    2 5 8    2 5 8    2 5 8    2 5 8    2 5 8    2 5 8    2 5 8    2 5 8    2 5 8    2 5 8    2 5 8    2 5 8    2 5 8    2 5 8    2 5 8    2 5 8    2 5 8    2 5 8    2 5 8    2 5 8    2 5 8    2 5 8    2 5 8    2 5 8    2 5 8    2 5 8    2 5 8    2 5 8    2 5 8    2 5 8    |   6 3 0    6 3 0    6 3 0    6 3 0    6 3 0    6 3 0    6 3 0    6 3 0    6 3 0    6 3 0    6 3 0    6 3 0    6 3 0    6 3 0    6 3 0    6 3 0    6 3 0    6 3 0    6 3 0    6 3 0    6 3 0    6 3 0    6 3 0    6 3 0    6 3 0    6 3 0    6 3 0    6 3 0    6 3 0    6 3 0    6 3 0    
1 4 7    1 4 7    1 4 7    1 4 7    1 4 7    1 4 7    1 4 7    1 4 7    1 4 7    1 4 7    1 4 7    1 4 7    1 4 7    1 4 7    1 4 7    1 4 7    1 4 7    1 4 7    1 4 7    1 4 7    1 4 7    1 4 7    1 4 7    1 4 7    1 4 7    1 4 7    1 4 7    1 4 7    1 4 7    1 4 7    1 4 7    |   7 4 1    7 4 1    7 4 1    7 4 1    7 4 1    7 4 1    7 4 1    7 4 1    7 4 1    7 4 1    7 4 1    7 4 1    7 4 1    7 4 1    7 4 1    7 4 1    7 4 1    7 4 1    7 4 1    7 4 1    7 4 1    7 4 1    7 4 1    7 4 1    7 4 1    7 4 1    7 4 1    7 4 1    7 4 1    7 4 1    7 4 1    
0 3 6    0 3 6    0 3 6    0 3 6    0 3 6    0 3 6    0 3 6    0 3 6    0 3 6    0 3 6    0 3 6    0 3 6    0 3 6    0 3 6    0 3 6    0 3 6    0 3 6    0 3 6    0 3 6    0 3 6    0 3 6    0 3 6    0 3 6    0 3 6    0 3 6    0 3 6    0 3 6    0 3 6    0 3 6    0 3 6    0 3 6    |   8 5 2    8 5 2    8 5 2    8 5 2    8 5 2    8 5 2    8 5 2    8 5 2    8 5 2    8 5 2    8 5 2    8 5 2    8 5 2    8 5 2    8 5 2    8 5 2    8 5 2    8 5 2    8 5 2    8 5 2    8 5 2    8 5 2    8 5 2    8 5 2    8 5 2    8 5 2    8 5 2    8 5 2    8 5 2    8 5 2    8 5 2    

2 5 8    2 5 8    2 5 8    2 5 8    2 5 8    2 5 8    2 5 8    2 5 8    2 5 8    2 5 8    2 5 8    2 5 8    2 5 8    2 5 8    2 5 8    2 5 8    2 5 8    2 5 8    2 5 8    2 5 8    2 5 8    2 5 8    2 5 8    2 5 8    2 5 8    2 5 8    2 5 8    2 5 8    2 5 8    2 5 8    2 5 8    |   6 3 0    6 3 0    6 3 0    6 3 0    6 3 0    6 3 0    6 3 0    6 3 0    6 3 0    6 3 0    6 3 0    6 3 0    6 3 0    6 3 0    6 3 0    6 3 0    6 3 0    6 3 0    6 3 0    6 3 0    6 3 0    6 3 0    6 3 0    6 3 0    6 3 0    6 3 0    6 3 0    6 3 0    6 3 0    6 3 0    6 3 0    
1 4 7    1 4 7    1 4 7    1 4 7    1 4 7    1 4 7    1 4 7    1 4 7    1 4 7    1 4 7    1 4 7    1 4 7    1 4 7    1 4 7    1 4 7    1 4 7    1 4 7    1 4 7    1 4 7    1 4 7    1 4 7    1 4 7    1 4 7    1 4 7    1 4 7    1 4 7    1 4 7    1 4 7    1 4 7    1 4 7    1 4 7    |   7 4 1    7 4 1    7 4 1    7 4 1    7 4 1    7 4 1    7 4 1    7 4 1    7 4 1    7 4 1    7 4 1    7 4 1    7 4 1    7 4 1    7 4 1    7 4 1    7 4 1    7 4 1    7 4 1    7 4 1    7 4 1    7 4 1    7 4 1    7 4 1    7 4 1    7 4 1    7 4 1    7 4 1    7 4 1    7 4 1    7 4 1    
0 3 6    0 3 6    0 3 6    0 3 6    0 3 6    0 3 6    0 3 6    0 3 6    0 3 6    0 3 6    0 3 6    0 3 6    0 3 6    0 3 6    0 3 6    0 3 6    0 3 6    0 3 6    0 3 6    0 3 6    0 3 6    0 3 6    0 3 6    0 3 6    0 3 6    0 3 6    0 3 6    0 3 6    0 3 6    0 3 6    0 3 6    |   8 5 2    8 5 2    8 5 2    8 5 2    8 5 2    8 5 2    8 5 2    8 5 2    8 5 2    8 5 2    8 5 2    8 5 2    8 5 2    8 5 2    8 5 2    8 5 2    8 5 2    8 5 2    8 5 2    8 5 2    8 5 2    8 5 2    8 5 2    8 5 2    8 5 2    8 5 2    8 5 2    8 5 2    8 5 2    8 5 2    8 5 2    

Horizontal Velocity                                                      | Vertical Velocity


u[0,0,22]    u[0,1,22]    u[0,2,22]    u[0,3,22]    u[0,4,22]    u[0,5,22]    u[0,6,22]    u[0,7,22]    u[0,8,22]    u[0,9,22]    u[0,10,22]    u[0,11,22]    u[0,12,22]    u[0,13,22]    u[0,14,22]    u[0,15,22]    u[0,16,22]    u[0,17,22]    u[0,18,22]    u[0,19,22]    u[0,20,22]    u[0,21,22]    u[0,22,22]    u[0,23,22]    u[0,24,22]    u[0,25,22]    u[0,26,22]    u[0,27,22]    u[0,28,22]    u[0,29,22]    u[0,30,22]    |   u[1,0,22]    u[1,1,22]    u[1,2,22]    u[1,3,22]    u[1,4,22]    u[1,5,22]    u[1,6,22]    u[1,7,22]    u[1,8,22]    u[1,9,22]    u[1,10,22]    u[1,11,22]    u[1,12,22]    u[1,13,22]    u[1,14,22]    u[1,15,22]    u[1,16,22]    u[1,17,22]    u[1,18,22]    u[1,19,22]    u[1,20,22]    u[1,21,22]    u[1,22,22]    u[1,23,22]    u[1,24,22]    u[1,25,22]    u[1,26,22]    u[1,27,22]    u[1,28,22]    u[1,29,22]    u[1,30,22]    

u[0,0,21]    u[0,1,21]    u[0,2,21]    u[0,3,21]    u[0,4,21]    u[0,5,21]    u[0,6,21]    u[0,7,21]    u[0,8,21]    u[0,9,21]    u[0,10,21]    u[0,11,21]    u[0,12,21]    u[0,13,21]    u[0,14,21]    u[0,15,21]    u[0,16,21]    u[0,17,21]    u[0,18,21]    u[0,19,21]    u[0,20,21]    u[0,21,21]    u[0,22,21]    u[0,23,21]    u[0,24,21]    u[0,25,21]    u[0,26,21]    u[0,27,21]    u[0,28,21]    u[0,29,21]    u[0,30,21]    |   u[1,0,21]    u[1,1,21]    u[1,2,21]    u[1,3,21]    u[1,4,21]    u[1,5,21]    u[1,6,21]    u[1,7,21]    u[1,8,21]    u[1,9,21]    u[1,10,21]    u[1,11,21]    u[1,12,21]    u[1,13,21]    u[1,14,21]    u[1,15,21]    u[1,16,21]    u[1,17,21]    u[1,18,21]    u[1,19,21]    u[1,20,21]    u[1,21,21]    u[1,22,21]    u[1,23,21]    u[1,24,21]    u[1,25,21]    u[1,26,21]    u[1,27,21]    u[1,28,21]    u[1,29,21]    u[1,30,21]    

u[0,0,20]    u[0,1,20]    u[0,2,20]    u[0,3,20]    u[0,4,20]    u[0,5,20]    u[0,6,20]    u[0,7,20]    u[0,8,20]    u[0,9,20]    u[0,10,20]    u[0,11,20]    u[0,12,20]    u[0,13,20]    u[0,14,20]    u[0,15,20]    u[0,16,20]    u[0,17,20]    u[0,18,20]    u[0,19,20]    u[0,20,20]    u[0,21,20]    u[0,22,20]    u[0,23,20]    u[0,24,20]    u[0,25,20]    u[0,26,20]    u[0,27,20]    u[0,28,20]    u[0,29,20]    u[0,30,20]    |   u[1,0,20]    u[1,1,20]    u[1,2,20]    u[1,3,20]    u[1,4,20]    u[1,5,20]    u[1,6,20]    u[1,7,20]    u[1,8,20]    u[1,9,20]    u[1,10,20]    u[1,11,20]    u[1,12,20]    u[1,13,20]    u[1,14,20]    u[1,15,20]    u[1,16,20]    u[1,17,20]    u[1,18,20]    u[1,19,20]    u[1,20,20]    u[1,21,20]    u[1,22,20]    u[1,23,20]    u[1,24,20]    u[1,25,20]    u[1,26,20]    u[1,27,20]    u[1,28,20]    u[1,29,20]    u[1,30,20]    

u[0,0,19]    u[0,1,19]    u[0,2,19]    u[0,3,19]    u[0,4,19]    u[0,5,19]    u[0,6,19]    u[0,7,19]    u[0,8,19]    u[0,9,19]    u[0,10,19]    u[0,11,19]    u[0,12,19]    u[0,13,19]    u[0,14,19]    u[0,15,19]    u[0,16,19]    u[0,17,19]    u[0,18,19]    u[0,19,19]    u[0,20,19]    u[0,21,19]    u[0,22,19]    u[0,23,19]    u[0,24,19]    u[0,25,19]    u[0,26,19]    u[0,27,19]    u[0,28,19]    u[0,29,19]    u[0,30,19]    |   u[1,0,19]    u[1,1,19]    u[1,2,19]    u[1,3,19]    u[1,4,19]    u[1,5,19]    u[1,6,19]    u[1,7,19]    u[1,8,19]    u[1,9,19]    u[1,10,19]    u[1,11,19]    u[1,12,19]    u[1,13,19]    u[1,14,19]    u[1,15,19]    u[1,16,19]    u[1,17,19]    u[1,18,19]    u[1,19,19]    u[1,20,19]    u[1,21,19]    u[1,22,19]    u[1,23,19]    u[1,24,19]    u[1,25,19]    u[1,26,19]    u[1,27,19]    u[1,28,19]    u[1,29,19]    u[1,30,19]    

u[0,0,18]    u[0,1,18]    u[0,2,18]    u[0,3,18]    u[0,4,18]    u[0,5,18]    u[0,6,18]    u[0,7,18]    u[0,8,18]    u[0,9,18]    u[0,10,18]    u[0,11,18]    u[0,12,18]    u[0,13,18]    u[0,14,18]    u[0,15,18]    u[0,16,18]    u[0,17,18]    u[0,18,18]    u[0,19,18]    u[0,20,18]    u[0,21,18]    u[0,22,18]    u[0,23,18]    u[0,24,18]    u[0,25,18]    u[0,26,18]    u[0,27,18]    u[0,28,18]    u[0,29,18]    u[0,30,18]    |   u[1,0,18]    u[1,1,18]    u[1,2,18]    u[1,3,18]    u[1,4,18]    u[1,5,18]    u[1,6,18]    u[1,7,18]    u[1,8,18]    u[1,9,18]    u[1,10,18]    u[1,11,18]    u[1,12,18]    u[1,13,18]    u[1,14,18]    u[1,15,18]    u[1,16,18]    u[1,17,18]    u[1,18,18]    u[1,19,18]    u[1,20,18]    u[1,21,18]    u[1,22,18]    u[1,23,18]    u[1,24,18]    u[1,25,18]    u[1,26,18]    u[1,27,18]    u[1,28,18]    u[1,29,18]    u[1,30,18]    

u[0,0,17]    u[0,1,17]    u[0,2,17]    u[0,3,17]    u[0,4,17]    u[0,5,17]    u[0,6,17]    u[0,7,17]    u[0,8,17]    u[0,9,17]    u[0,10,17]    u[0,11,17]    u[0,12,17]    u[0,13,17]    u[0,14,17]    u[0,15,17]    u[0,16,17]    u[0,17,17]    u[0,18,17]    u[0,19,17]    u[0,20,17]    u[0,21,17]    u[0,22,17]    u[0,23,17]    u[0,24,17]    u[0,25,17]    u[0,26,17]    u[0,27,17]    u[0,28,17]    u[0,29,17]    u[0,30,17]    |   u[1,0,17]    u[1,1,17]    u[1,2,17]    u[1,3,17]    u[1,4,17]    u[1,5,17]    u[1,6,17]    u[1,7,17]    u[1,8,17]    u[1,9,17]    u[1,10,17]    u[1,11,17]    u[1,12,17]    u[1,13,17]    u[1,14,17]    u[1,15,17]    u[1,16,17]    u[1,17,17]    u[1,18,17]    u[1,19,17]    u[1,20,17]    u[1,21,17]    u[1,22,17]    u[1,23,17]    u[1,24,17]    u[1,25,17]    u[1,26,17]    u[1,27,17]    u[1,28,17]    u[1,29,17]    u[1,30,17]    

u[0,0,16]    u[0,1,16]    u[0,2,16]    u[0,3,16]    u[0,4,16]    u[0,5,16]    u[0,6,16]    u[0,7,16]    u[0,8,16]    u[0,9,16]    u[0,10,16]    u[0,11,16]    u[0,12,16]    u[0,13,16]    u[0,14,16]    u[0,15,16]    u[0,16,16]    u[0,17,16]    u[0,18,16]    u[0,19,16]    u[0,20,16]    u[0,21,16]    u[0,22,16]    u[0,23,16]    u[0,24,16]    u[0,25,16]    u[0,26,16]    u[0,27,16]    u[0,28,16]    u[0,29,16]    u[0,30,16]    |   u[1,0,16]    u[1,1,16]    u[1,2,16]    u[1,3,16]    u[1,4,16]    u[1,5,16]    u[1,6,16]    u[1,7,16]    u[1,8,16]    u[1,9,16]    u[1,10,16]    u[1,11,16]    u[1,12,16]    u[1,13,16]    u[1,14,16]    u[1,15,16]    u[1,16,16]    u[1,17,16]    u[1,18,16]    u[1,19,16]    u[1,20,16]    u[1,21,16]    u[1,22,16]    u[1,23,16]    u[1,24,16]    u[1,25,16]    u[1,26,16]    u[1,27,16]    u[1,28,16]    u[1,29,16]    u[1,30,16]    

u[0,0,15]    u[0,1,15]    u[0,2,15]    u[0,3,15]    u[0,4,15]    u[0,5,15]    u[0,6,15]    u[0,7,15]    u[0,8,15]    u[0,9,15]    u[0,10,15]    u[0,11,15]    u[0,12,15]    u[0,13,15]    u[0,14,15]    u[0,15,15]    u[0,16,15]    u[0,17,15]    u[0,18,15]    u[0,19,15]    u[0,20,15]    u[0,21,15]    u[0,22,15]    u[0,23,15]    u[0,24,15]    u[0,25,15]    u[0,26,15]    u[0,27,15]    u[0,28,15]    u[0,29,15]    u[0,30,15]    |   u[1,0,15]    u[1,1,15]    u[1,2,15]    u[1,3,15]    u[1,4,15]    u[1,5,15]    u[1,6,15]    u[1,7,15]    u[1,8,15]    u[1,9,15]    u[1,10,15]    u[1,11,15]    u[1,12,15]    u[1,13,15]    u[1,14,15]    u[1,15,15]    u[1,16,15]    u[1,17,15]    u[1,18,15]    u[1,19,15]    u[1,20,15]    u[1,21,15]    u[1,22,15]    u[1,23,15]    u[1,24,15]    u[1,25,15]    u[1,26,15]    u[1,27,15]    u[1,28,15]    u[1,29,15]    u[1,30,15]    

u[0,0,14]    u[0,1,14]    u[0,2,14]    u[0,3,14]    u[0,4,14]    u[0,5,14]    u[0,6,14]    u[0,7,14]    u[0,8,14]    u[0,9,14]    u[0,10,14]    u[0,11,14]    u[0,12,14]    u[0,13,14]    u[0,14,14]    u[0,15,14]    u[0,16,14]    u[0,17,14]    u[0,18,14]    u[0,19,14]    u[0,20,14]    u[0,21,14]    u[0,22,14]    u[0,23,14]    u[0,24,14]    u[0,25,14]    u[0,26,14]    u[0,27,14]    u[0,28,14]    u[0,29,14]    u[0,30,14]    |   u[1,0,14]    u[1,1,14]    u[1,2,14]    u[1,3,14]    u[1,4,14]    u[1,5,14]    u[1,6,14]    u[1,7,14]    u[1,8,14]    u[1,9,14]    u[1,10,14]    u[1,11,14]    u[1,12,14]    u[1,13,14]    u[1,14,14]    u[1,15,14]    u[1,16,14]    u[1,17,14]    u[1,18,14]    u[1,19,14]    u[1,20,14]    u[1,21,14]    u[1,22,14]    u[1,23,14]    u[1,24,14]    u[1,25,14]    u[1,26,14]    u[1,27,14]    u[1,28,14]    u[1,29,14]    u[1,30,14]    

u[0,0,13]    u[0,1,13]    u[0,2,13]    u[0,3,13]    u[0,4,13]    u[0,5,13]    u[0,6,13]    u[0,7,13]    u[0,8,13]    u[0,9,13]    u[0,10,13]    u[0,11,13]    u[0,12,13]    u[0,13,13]    u[0,14,13]    u[0,15,13]    u[0,16,13]    u[0,17,13]    u[0,18,13]    u[0,19,13]    u[0,20,13]    u[0,21,13]    u[0,22,13]    u[0,23,13]    u[0,24,13]    u[0,25,13]    u[0,26,13]    u[0,27,13]    u[0,28,13]    u[0,29,13]    u[0,30,13]    |   u[1,0,13]    u[1,1,13]    u[1,2,13]    u[1,3,13]    u[1,4,13]    u[1,5,13]    u[1,6,13]    u[1,7,13]    u[1,8,13]    u[1,9,13]    u[1,10,13]    u[1,11,13]    u[1,12,13]    u[1,13,13]    u[1,14,13]    u[1,15,13]    u[1,16,13]    u[1,17,13]    u[1,18,13]    u[1,19,13]    u[1,20,13]    u[1,21,13]    u[1,22,13]    u[1,23,13]    u[1,24,13]    u[1,25,13]    u[1,26,13]    u[1,27,13]    u[1,28,13]    u[1,29,13]    u[1,30,13]    

u[0,0,12]    u[0,1,12]    u[0,2,12]    u[0,3,12]    u[0,4,12]    u[0,5,12]    u[0,6,12]    u[0,7,12]    u[0,8,12]    u[0,9,12]    u[0,10,12]    u[0,11,12]    u[0,12,12]    u[0,13,12]    u[0,14,12]    u[0,15,12]    u[0,16,12]    u[0,17,12]    u[0,18,12]    u[0,19,12]    u[0,20,12]    u[0,21,12]    u[0,22,12]    u[0,23,12]    u[0,24,12]    u[0,25,12]    u[0,26,12]    u[0,27,12]    u[0,28,12]    u[0,29,12]    u[0,30,12]    |   u[1,0,12]    u[1,1,12]    u[1,2,12]    u[1,3,12]    u[1,4,12]    u[1,5,12]    u[1,6,12]    u[1,7,12]    u[1,8,12]    u[1,9,12]    u[1,10,12]    u[1,11,12]    u[1,12,12]    u[1,13,12]    u[1,14,12]    u[1,15,12]    u[1,16,12]    u[1,17,12]    u[1,18,12]    u[1,19,12]    u[1,20,12]    u[1,21,12]    u[1,22,12]    u[1,23,12]    u[1,24,12]    u[1,25,12]    u[1,26,12]    u[1,27,12]    u[1,28,12]    u[1,29,12]    u[1,30,12]    

u[0,0,11]    u[0,1,11]    u[0,2,11]    u[0,3,11]    u[0,4,11]    u[0,5,11]    u[0,6,11]    u[0,7,11]    u[0,8,11]    u[0,9,11]    u[0,10,11]    u[0,11,11]    u[0,12,11]    u[0,13,11]    u[0,14,11]    u[0,15,11]    u[0,16,11]    u[0,17,11]    u[0,18,11]    u[0,19,11]    u[0,20,11]    u[0,21,11]    u[0,22,11]    u[0,23,11]    u[0,24,11]    u[0,25,11]    u[0,26,11]    u[0,27,11]    u[0,28,11]    u[0,29,11]    u[0,30,11]    |   u[1,0,11]    u[1,1,11]    u[1,2,11]    u[1,3,11]    u[1,4,11]    u[1,5,11]    u[1,6,11]    u[1,7,11]    u[1,8,11]    u[1,9,11]    u[1,10,11]    u[1,11,11]    u[1,12,11]    u[1,13,11]    u[1,14,11]    u[1,15,11]    u[1,16,11]    u[1,17,11]    u[1,18,11]    u[1,19,11]    u[1,20,11]    u[1,21,11]    u[1,22,11]    u[1,23,11]    u[1,24,11]    u[1,25,11]    u[1,26,11]    u[1,27,11]    u[1,28,11]    u[1,29,11]    u[1,30,11]    

u[0,0,10]    u[0,1,10]    u[0,2,10]    u[0,3,10]    u[0,4,10]    u[0,5,10]    u[0,6,10]    u[0,7,10]    u[0,8,10]    u[0,9,10]    u[0,10,10]    u[0,11,10]    u[0,12,10]    u[0,13,10]    u[0,14,10]    u[0,15,10]    u[0,16,10]    u[0,17,10]    u[0,18,10]    u[0,19,10]    u[0,20,10]    u[0,21,10]    u[0,22,10]    u[0,23,10]    u[0,24,10]    u[0,25,10]    u[0,26,10]    u[0,27,10]    u[0,28,10]    u[0,29,10]    u[0,30,10]    |   u[1,0,10]    u[1,1,10]    u[1,2,10]    u[1,3,10]    u[1,4,10]    u[1,5,10]    u[1,6,10]    u[1,7,10]    u[1,8,10]    u[1,9,10]    u[1,10,10]    u[1,11,10]    u[1,12,10]    u[1,13,10]    u[1,14,10]    u[1,15,10]    u[1,16,10]    u[1,17,10]    u[1,18,10]    u[1,19,10]    u[1,20,10]    u[1,21,10]    u[1,22,10]    u[1,23,10]    u[1,24,10]    u[1,25,10]    u[1,26,10]    u[1,27,10]    u[1,28,10]    u[1,29,10]    u[1,30,10]    

u[0,0,9]    u[0,1,9]    u[0,2,9]    u[0,3,9]    u[0,4,9]    u[0,5,9]    u[0,6,9]    u[0,7,9]    u[0,8,9]    u[0,9,9]    u[0,10,9]    u[0,11,9]    u[0,12,9]    u[0,13,9]    u[0,14,9]    u[0,15,9]    u[0,16,9]    u[0,17,9]    u[0,18,9]    u[0,19,9]    u[0,20,9]    u[0,21,9]    u[0,22,9]    u[0,23,9]    u[0,24,9]    u[0,25,9]    u[0,26,9]    u[0,27,9]    u[0,28,9]    u[0,29,9]    u[0,30,9]    |   u[1,0,9]    u[1,1,9]    u[1,2,9]    u[1,3,9]    u[1,4,9]    u[1,5,9]    u[1,6,9]    u[1,7,9]    u[1,8,9]    u[1,9,9]    u[1,10,9]    u[1,11,9]    u[1,12,9]    u[1,13,9]    u[1,14,9]    u[1,15,9]    u[1,16,9]    u[1,17,9]    u[1,18,9]    u[1,19,9]    u[1,20,9]    u[1,21,9]    u[1,22,9]    u[1,23,9]    u[1,24,9]    u[1,25,9]    u[1,26,9]    u[1,27,9]    u[1,28,9]    u[1,29,9]    u[1,30,9]    

u[0,0,8]    u[0,1,8]    u[0,2,8]    u[0,3,8]    u[0,4,8]    u[0,5,8]    u[0,6,8]    u[0,7,8]    u[0,8,8]    u[0,9,8]    u[0,10,8]    u[0,11,8]    u[0,12,8]    u[0,13,8]    u[0,14,8]    u[0,15,8]    u[0,16,8]    u[0,17,8]    u[0,18,8]    u[0,19,8]    u[0,20,8]    u[0,21,8]    u[0,22,8]    u[0,23,8]    u[0,24,8]    u[0,25,8]    u[0,26,8]    u[0,27,8]    u[0,28,8]    u[0,29,8]    u[0,30,8]    |   u[1,0,8]    u[1,1,8]    u[1,2,8]    u[1,3,8]    u[1,4,8]    u[1,5,8]    u[1,6,8]    u[1,7,8]    u[1,8,8]    u[1,9,8]    u[1,10,8]    u[1,11,8]    u[1,12,8]    u[1,13,8]    u[1,14,8]    u[1,15,8]    u[1,16,8]    u[1,17,8]    u[1,18,8]    u[1,19,8]    u[1,20,8]    u[1,21,8]    u[1,22,8]    u[1,23,8]    u[1,24,8]    u[1,25,8]    u[1,26,8]    u[1,27,8]    u[1,28,8]    u[1,29,8]    u[1,30,8]    

u[0,0,7]    u[0,1,7]    u[0,2,7]    u[0,3,7]    u[0,4,7]    u[0,5,7]    u[0,6,7]    u[0,7,7]    u[0,8,7]    u[0,9,7]    u[0,10,7]    u[0,11,7]    u[0,12,7]    u[0,13,7]    u[0,14,7]    u[0,15,7]    u[0,16,7]    u[0,17,7]    u[0,18,7]    u[0,19,7]    u[0,20,7]    u[0,21,7]    u[0,22,7]    u[0,23,7]    u[0,24,7]    u[0,25,7]    u[0,26,7]    u[0,27,7]    u[0,28,7]    u[0,29,7]    u[0,30,7]    |   u[1,0,7]    u[1,1,7]    u[1,2,7]    u[1,3,7]    u[1,4,7]    u[1,5,7]    u[1,6,7]    u[1,7,7]    u[1,8,7]    u[1,9,7]    u[1,10,7]    u[1,11,7]    u[1,12,7]    u[1,13,7]    u[1,14,7]    u[1,15,7]    u[1,16,7]    u[1,17,7]    u[1,18,7]    u[1,19,7]    u[1,20,7]    u[1,21,7]    u[1,22,7]    u[1,23,7]    u[1,24,7]    u[1,25,7]    u[1,26,7]    u[1,27,7]    u[1,28,7]    u[1,29,7]    u[1,30,7]    

u[0,0,6]    u[0,1,6]    u[0,2,6]    u[0,3,6]    u[0,4,6]    u[0,5,6]    u[0,6,6]    u[0,7,6]    u[0,8,6]    u[0,9,6]    u[0,10,6]    u[0,11,6]    u[0,12,6]    u[0,13,6]    u[0,14,6]    u[0,15,6]    u[0,16,6]    u[0,17,6]    u[0,18,6]    u[0,19,6]    u[0,20,6]    u[0,21,6]    u[0,22,6]    u[0,23,6]    u[0,24,6]    u[0,25,6]    u[0,26,6]    u[0,27,6]    u[0,28,6]    u[0,29,6]    u[0,30,6]    |   u[1,0,6]    u[1,1,6]    u[1,2,6]    u[1,3,6]    u[1,4,6]    u[1,5,6]    u[1,6,6]    u[1,7,6]    u[1,8,6]    u[1,9,6]    u[1,10,6]    u[1,11,6]    u[1,12,6]    u[1,13,6]    u[1,14,6]    u[1,15,6]    u[1,16,6]    u[1,17,6]    u[1,18,6]    u[1,19,6]    u[1,20,6]    u[1,21,6]    u[1,22,6]    u[1,23,6]    u[1,24,6]    u[1,25,6]    u[1,26,6]    u[1,27,6]    u[1,28,6]    u[1,29,6]    u[1,30,6]    

u[0,0,5]    u[0,1,5]    u[0,2,5]    u[0,3,5]    u[0,4,5]    u[0,5,5]    u[0,6,5]    u[0,7,5]    u[0,8,5]    u[0,9,5]    u[0,10,5]    u[0,11,5]    u[0,12,5]    u[0,13,5]    u[0,14,5]    u[0,15,5]    u[0,16,5]    u[0,17,5]    u[0,18,5]    u[0,19,5]    u[0,20,5]    u[0,21,5]    u[0,22,5]    u[0,23,5]    u[0,24,5]    u[0,25,5]    u[0,26,5]    u[0,27,5]    u[0,28,5]    u[0,29,5]    u[0,30,5]    |   u[1,0,5]    u[1,1,5]    u[1,2,5]    u[1,3,5]    u[1,4,5]    u[1,5,5]    u[1,6,5]    u[1,7,5]    u[1,8,5]    u[1,9,5]    u[1,10,5]    u[1,11,5]    u[1,12,5]    u[1,13,5]    u[1,14,5]    u[1,15,5]    u[1,16,5]    u[1,17,5]    u[1,18,5]    u[1,19,5]    u[1,20,5]    u[1,21,5]    u[1,22,5]    u[1,23,5]    u[1,24,5]    u[1,25,5]    u[1,26,5]    u[1,27,5]    u[1,28,5]    u[1,29,5]    u[1,30,5]    

u[0,0,4]    u[0,1,4]    u[0,2,4]    u[0,3,4]    u[0,4,4]    u[0,5,4]    u[0,6,4]    u[0,7,4]    u[0,8,4]    u[0,9,4]    u[0,10,4]    u[0,11,4]    u[0,12,4]    u[0,13,4]    u[0,14,4]    u[0,15,4]    u[0,16,4]    u[0,17,4]    u[0,18,4]    u[0,19,4]    u[0,20,4]    u[0,21,4]    u[0,22,4]    u[0,23,4]    u[0,24,4]    u[0,25,4]    u[0,26,4]    u[0,27,4]    u[0,28,4]    u[0,29,4]    u[0,30,4]    |   u[1,0,4]    u[1,1,4]    u[1,2,4]    u[1,3,4]    u[1,4,4]    u[1,5,4]    u[1,6,4]    u[1,7,4]    u[1,8,4]    u[1,9,4]    u[1,10,4]    u[1,11,4]    u[1,12,4]    u[1,13,4]    u[1,14,4]    u[1,15,4]    u[1,16,4]    u[1,17,4]    u[1,18,4]    u[1,19,4]    u[1,20,4]    u[1,21,4]    u[1,22,4]    u[1,23,4]    u[1,24,4]    u[1,25,4]    u[1,26,4]    u[1,27,4]    u[1,28,4]    u[1,29,4]    u[1,30,4]    

u[0,0,3]    u[0,1,3]    u[0,2,3]    u[0,3,3]    u[0,4,3]    u[0,5,3]    u[0,6,3]    u[0,7,3]    u[0,8,3]    u[0,9,3]    u[0,10,3]    u[0,11,3]    u[0,12,3]    u[0,13,3]    u[0,14,3]    u[0,15,3]    u[0,16,3]    u[0,17,3]    u[0,18,3]    u[0,19,3]    u[0,20,3]    u[0,21,3]    u[0,22,3]    u[0,23,3]    u[0,24,3]    u[0,25,3]    u[0,26,3]    u[0,27,3]    u[0,28,3]    u[0,29,3]    u[0,30,3]    |   u[1,0,3]    u[1,1,3]    u[1,2,3]    u[1,3,3]    u[1,4,3]    u[1,5,3]    u[1,6,3]    u[1,7,3]    u[1,8,3]    u[1,9,3]    u[1,10,3]    u[1,11,3]    u[1,12,3]    u[1,13,3]    u[1,14,3]    u[1,15,3]    u[1,16,3]    u[1,17,3]    u[1,18,3]    u[1,19,3]    u[1,20,3]    u[1,21,3]    u[1,22,3]    u[1,23,3]    u[1,24,3]    u[1,25,3]    u[1,26,3]    u[1,27,3]    u[1,28,3]    u[1,29,3]    u[1,30,3]    

u[0,0,2]    u[0,1,2]    u[0,2,2]    u[0,3,2]    u[0,4,2]    u[0,5,2]    u[0,6,2]    u[0,7,2]    u[0,8,2]    u[0,9,2]    u[0,10,2]    u[0,11,2]    u[0,12,2]    u[0,13,2]    u[0,14,2]    u[0,15,2]    u[0,16,2]    u[0,17,2]    u[0,18,2]    u[0,19,2]    u[0,20,2]    u[0,21,2]    u[0,22,2]    u[0,23,2]    u[0,24,2]    u[0,25,2]    u[0,26,2]    u[0,27,2]    u[0,28,2]    u[0,29,2]    u[0,30,2]    |   u[1,0,2]    u[1,1,2]    u[1,2,2]    u[1,3,2]    u[1,4,2]    u[1,5,2]    u[1,6,2]    u[1,7,2]    u[1,8,2]    u[1,9,2]    u[1,10,2]    u[1,11,2]    u[1,12,2]    u[1,13,2]    u[1,14,2]    u[1,15,2]    u[1,16,2]    u[1,17,2]    u[1,18,2]    u[1,19,2]    u[1,20,2]    u[1,21,2]    u[1,22,2]    u[1,23,2]    u[1,24,2]    u[1,25,2]    u[1,26,2]    u[1,27,2]    u[1,28,2]    u[1,29,2]    u[1,30,2]    

u[0,0,1]    u[0,1,1]    u[0,2,1]    u[0,3,1]    u[0,4,1]    u[0,5,1]    u[0,6,1]    u[0,7,1]    u[0,8,1]    u[0,9,1]    u[0,10,1]    u[0,11,1]    u[0,12,1]    u[0,13,1]    u[0,14,1]    u[0,15,1]    u[0,16,1]    u[0,17,1]    u[0,18,1]    u[0,19,1]    u[0,20,1]    u[0,21,1]    u[0,22,1]    u[0,23,1]    u[0,24,1]    u[0,25,1]    u[0,26,1]    u[0,27,1]    u[0,28,1]    u[0,29,1]    u[0,30,1]    |   u[1,0,1]    u[1,1,1]    u[1,2,1]    u[1,3,1]    u[1,4,1]    u[1,5,1]    u[1,6,1]    u[1,7,1]    u[1,8,1]    u[1,9,1]    u[1,10,1]    u[1,11,1]    u[1,12,1]    u[1,13,1]    u[1,14,1]    u[1,15,1]    u[1,16,1]    u[1,17,1]    u[1,18,1]    u[1,19,1]    u[1,20,1]    u[1,21,1]    u[1,22,1]    u[1,23,1]    u[1,24,1]    u[1,25,1]    u[1,26,1]    u[1,27,1]    u[1,28,1]    u[1,29,1]    u[1,30,1]    

u[0,0,0]    u[0,1,0]    u[0,2,0]    u[0,3,0]    u[0,4,0]    u[0,5,0]    u[0,6,0]    u[0,7,0]    u[0,8,0]    u[0,9,0]    u[0,10,0]    u[0,11,0]    u[0,12,0]    u[0,13,0]    u[0,14,0]    u[0,15,0]    u[0,16,0]    u[0,17,0]    u[0,18,0]    u[0,19,0]    u[0,20,0]    u[0,21,0]    u[0,22,0]    u[0,23,0]    u[0,24,0]    u[0,25,0]    u[0,26,0]    u[0,27,0]    u[0,28,0]    u[0,29,0]    u[0,30,0]    |   u[1,0,0]    u[1,1,0]    u[1,2,0]    u[1,3,0]    u[1,4,0]    u[1,5,0]    u[1,6,0]    u[1,7,0]    u[1,8,0]    u[1,9,0]    u[1,10,0]    u[1,11,0]    u[1,12,0]    u[1,13,0]    u[1,14,0]    u[1,15,0]    u[1,16,0]    u[1,17,0]    u[1,18,0]    u[1,19,0]    u[1,20,0]    u[1,21,0]    u[1,22,0]    u[1,23,0]    u[1,24,0]    u[1,25,0]    u[1,26,0]    u[1,27,0]    u[1,28,0]    u[1,29,0]    u[1,30,0]    

-------------------------------------------------------------------------------------------------------------------------
