   | BEFORE PROPAGATION                                            | BEFORE COLLISION                   | AFTER COLLISION
FL | 0.0, 0.0, 0.0                                                 | 1.0
it | FOUT[2,49,49] FOUT[5,50,49] FOUT [8,51,49]                    | FIN[[2,5,8],50,50]                 | FOUT[[2,5,8],50,50]
0 | 0.027777777777777776 0.1111111111111111 0.027777777777777776[0.02777778 0.11111111 0.02777778 0.11111111 0.44444444 0.11111111
 0.02777778 0.11111111 0.02777778] | [0.02777778 0.11111111 0.02777778 0.11111111 0.44444444 0.11111111
 0.02777778 0.11111111 0.02777778]
1 | [array([0.02777778, 0.11111111, 0.02777778, 0.11111111, 0.44444444,
       0.11111111, 0.02777778, 0.11111111, 0.02777778]), array([0.02777778, 0.11111111, 0.02777778, 0.11111111, 0.44444444,
       0.11111111, 0.02777778, 0.11111111, 0.02777778]), array([0.02777778, 0.11111111, 0.02777778, 0.11111111, 0.44444444,
       0.11111111, 0.02777778, 0.11111111, 0.02777778])] | [0.02777778 0.11111111 0.02777778 0.11111111 0.44444444 0.11111111
 0.02777778 0.11111111 0.02777778] | [0.02777778 0.11111111 0.02777778 0.11111111 0.44444444 0.11111111
 0.02777778 0.11111111 0.02777778]
2 | [array([0.02777778, 0.11111111, 0.02777778, 0.11111111, 0.44444444,
       0.11111111, 0.02777778, 0.11111111, 0.02777778]), array([0.02777778, 0.11111111, 0.02777778, 0.11111111, 0.44444444,
       0.11111111, 0.02777778, 0.11111111, 0.02777778]), array([0.02777778, 0.11111111, 0.02777778, 0.11111111, 0.44444444,
       0.11111111, 0.02777778, 0.11111111, 0.02777778])] | [0.02777778 0.11111111 0.02777778 0.11111111 0.44444444 0.11111111
 0.02777778 0.11111111 0.02777778] | [0.02777778 0.11111111 0.02777778 0.11111111 0.44444444 0.11111111
 0.02777778 0.11111111 0.02777778]
3 | [array([0.02777778, 0.11111111, 0.02777778, 0.11111111, 0.44444444,
       0.11111111, 0.02777778, 0.11111111, 0.02777778]), array([0.02777778, 0.11111111, 0.02777778, 0.11111111, 0.44444444,
       0.11111111, 0.02777778, 0.11111111, 0.02777778]), array([0.02777778, 0.11111111, 0.02777778, 0.11111111, 0.44444444,
       0.11111111, 0.02777778, 0.11111111, 0.02777778])] | [0.02777778 0.11111111 0.02777778 0.11111111 0.44444444 0.11111111
 0.02777778 0.11111111 0.02777778] | [0.02777778 0.11111111 0.02777778 0.11111111 0.44444444 0.11111111
 0.02777778 0.11111111 0.02777778]
4 | [array([0.02777778, 0.11111111, 0.02777778, 0.11111111, 0.44444444,
       0.11111111, 0.02777778, 0.11111111, 0.02777778]), array([0.02777778, 0.11111111, 0.02777778, 0.11111111, 0.44444444,
       0.11111111, 0.02777778, 0.11111111, 0.02777778]), array([0.02777778, 0.11111111, 0.02777778, 0.11111111, 0.44444444,
       0.11111111, 0.02777778, 0.11111111, 0.02777778])] | [0.02777778 0.11111111 0.02777778 0.11111111 0.44444444 0.11111111
 0.02777778 0.11111111 0.02777778] | [0.02777778 0.11111111 0.02777778 0.11111111 0.44444444 0.11111111
 0.02777778 0.11111111 0.02777778]
5 | [array([0.02777778, 0.11111111, 0.02777778, 0.11111111, 0.44444444,
       0.11111111, 0.02777778, 0.11111111, 0.02777778]), array([0.02777778, 0.11111111, 0.02777778, 0.11111111, 0.44444444,
       0.11111111, 0.02777778, 0.11111111, 0.02777778]), array([0.02777778, 0.11111111, 0.02777778, 0.11111111, 0.44444444,
       0.11111111, 0.02777778, 0.11111111, 0.02777778])] | [0.02777778 0.11111111 0.02777778 0.11111111 0.44444444 0.11111111
 0.02777778 0.11111111 0.02777778] | [0.02777778 0.11111111 0.02777778 0.11111111 0.44444444 0.11111111
 0.02777778 0.11111111 0.02777778]
6 | [array([0.02777778, 0.11111111, 0.02777778, 0.11111111, 0.44444444,
       0.11111111, 0.02777778, 0.11111111, 0.02777778]), array([0.02777778, 0.11111111, 0.02777778, 0.11111111, 0.44444444,
       0.11111111, 0.02777778, 0.11111111, 0.02777778]), array([0.02777778, 0.11111111, 0.02777778, 0.11111111, 0.44444444,
       0.11111111, 0.02777778, 0.11111111, 0.02777778])] | [0.02777778 0.11111111 0.02777778 0.11111111 0.44444444 0.11111111
 0.02777778 0.11111111 0.02777778] | [0.02777778 0.11111111 0.02777778 0.11111111 0.44444444 0.11111111
 0.02777778 0.11111111 0.02777778]
7 | [array([0.02777778, 0.11111111, 0.02777778, 0.11111111, 0.44444444,
       0.11111111, 0.02777778, 0.11111111, 0.02777778]), array([0.02777778, 0.11111111, 0.02777778, 0.11111111, 0.44444444,
       0.11111111, 0.02777778, 0.11111111, 0.02777778]), array([0.02777778, 0.11111111, 0.02777778, 0.11111111, 0.44444444,
       0.11111111, 0.02777778, 0.11111111, 0.02777778])] | [0.02777778 0.11111111 0.02777778 0.11111111 0.44444444 0.11111111
 0.02777778 0.11111111 0.02777778] | [0.02777778 0.11111111 0.02777778 0.11111111 0.44444444 0.11111111
 0.02777778 0.11111111 0.02777778]
8 | [array([0.02777778, 0.11111111, 0.02777778, 0.11111111, 0.44444444,
       0.11111111, 0.02777778, 0.11111111, 0.02777778]), array([0.02777778, 0.11111111, 0.02777778, 0.11111111, 0.44444444,
       0.11111111, 0.02777778, 0.11111111, 0.02777778]), array([0.02777778, 0.11111111, 0.02777778, 0.11111111, 0.44444444,
       0.11111111, 0.02777778, 0.11111111, 0.02777778])] | [0.02777778 0.11111111 0.02777778 0.11111111 0.44444444 0.11111111
 0.02777778 0.11111111 0.02777778] | [0.02777778 0.11111111 0.02777778 0.11111111 0.44444444 0.11111111
 0.02777778 0.11111111 0.02777778]
9 | [array([0.02777778, 0.11111111, 0.02777778, 0.11111111, 0.44444444,
       0.11111111, 0.02777778, 0.11111111, 0.02777778]), array([0.02777778, 0.11111111, 0.02777778, 0.11111111, 0.44444444,
       0.11111111, 0.02777778, 0.11111111, 0.02777778]), array([0.02777778, 0.11111111, 0.02777778, 0.11111111, 0.44444444,
       0.11111111, 0.02777778, 0.11111111, 0.02777778])] | [0.02777778 0.11111111 0.02777778 0.11111111 0.44444444 0.11111111
 0.02777778 0.11111111 0.02777778] | [0.02777778 0.11111111 0.02777778 0.11111111 0.44444444 0.11111111
 0.02777778 0.11111111 0.02777778]
10 | [array([0.02777778, 0.11111111, 0.02777778, 0.11111111, 0.44444444,
       0.11111111, 0.02777778, 0.11111111, 0.02777778]), array([0.02777778, 0.11111111, 0.02777778, 0.11111111, 0.44444444,
       0.11111111, 0.02777778, 0.11111111, 0.02777778]), array([0.02777778, 0.11111111, 0.02777778, 0.11111111, 0.44444444,
       0.11111111, 0.02777778, 0.11111111, 0.02777778])] | [0.02777778 0.11111111 0.02777778 0.11111111 0.44444444 0.11111111
 0.02777778 0.11111111 0.02777778] | [0.02777778 0.11111111 0.02777778 0.11111111 0.44444444 0.11111111
 0.02777778 0.11111111 0.02777778]
11 | [array([0.02777778, 0.11111111, 0.02777778, 0.11111111, 0.44444444,
       0.11111111, 0.02777778, 0.11111111, 0.02777778]), array([0.02777778, 0.11111111, 0.02777778, 0.11111111, 0.44444444,
       0.11111111, 0.02777778, 0.11111111, 0.02777778]), array([0.02777778, 0.11111111, 0.02777778, 0.11111111, 0.44444444,
       0.11111111, 0.02777778, 0.11111111, 0.02777778])] | [0.02777778 0.11111111 0.02777778 0.11111111 0.44444444 0.11111111
 0.02777778 0.11111111 0.02777778] | [0.02777778 0.11111111 0.02777778 0.11111111 0.44444444 0.11111111
 0.02777778 0.11111111 0.02777778]
12 | [array([0.02777778, 0.11111111, 0.02777778, 0.11111111, 0.44444444,
       0.11111111, 0.02777778, 0.11111111, 0.02777778]), array([0.02777778, 0.11111111, 0.02777778, 0.11111111, 0.44444444,
       0.11111111, 0.02777778, 0.11111111, 0.02777778]), array([0.02777778, 0.11111111, 0.02777778, 0.11111111, 0.44444444,
       0.11111111, 0.02777778, 0.11111111, 0.02777778])] | [0.02777778 0.11111111 0.02777778 0.11111111 0.44444444 0.11111111
 0.02777778 0.11111111 0.02777778] | [0.02777778 0.11111111 0.02777778 0.11111111 0.44444444 0.11111111
 0.02777778 0.11111111 0.02777778]
13 | [array([0.02777778, 0.11111111, 0.02777778, 0.11111111, 0.44444444,
       0.11111111, 0.02777778, 0.11111111, 0.02777778]), array([0.02777778, 0.11111111, 0.02777778, 0.11111111, 0.44444444,
       0.11111111, 0.02777778, 0.11111111, 0.02777778]), array([0.02777778, 0.11111111, 0.02777778, 0.11111111, 0.44444444,
       0.11111111, 0.02777778, 0.11111111, 0.02777778])] | 