Node : [6,2], maxiter = 100

Fin | Fout    Horizontal Velocity  Vertical velocity

2 5 8 | 6 3 0       u[0]      u[1]
1 4 7 | 7 4 1 
0 3 6 | 8 5 2 

-----------------------------------------------------------------------------
iteration : 0

0.02778 0.11111 0.02535 | 0.02778 0.11111 0.02778       0.00000      0.00000
0.11111 0.44444 0.09831 | 0.11111 0.44444 0.11111 
0.02778 0.11111 0.02535 | 0.02778 0.11111 0.02778 

---------------------------------------------------------------------------
iteration : 1

0.02778 0.11111 0.02481 | 0.02778 0.11111 0.02778       -0.00000      0.00000
0.11111 0.44444 0.09532 | 0.11111 0.44444 0.11111 
0.02778 0.11111 0.02481 | 0.02778 0.11111 0.02778 

---------------------------------------------------------------------------
iteration : 2

0.02778 0.11111 0.02390 | 0.02778 0.11111 0.02778       -0.00000      -0.00000
0.11111 0.44444 0.10495 | 0.11111 0.44444 0.11111 
0.02778 0.11111 0.02390 | 0.02778 0.11111 0.02778 

---------------------------------------------------------------------------
iteration : 3

0.02778 0.11111 0.02435 | 0.02778 0.11111 0.02778       -0.00000      -0.00000
0.11111 0.44444 0.10400 | 0.11111 0.44444 0.11111 
0.02778 0.11111 0.02435 | 0.02778 0.11111 0.02778 

---------------------------------------------------------------------------
iteration : 4

0.02778 0.11111 0.02405 | 0.02778 0.11111 0.02778       0.00000      0.00000
0.11111 0.44444 0.11173 | 0.11111 0.44444 0.11111 
0.02778 0.11111 0.02405 | 0.02778 0.11111 0.02778 

---------------------------------------------------------------------------
iteration : 5

0.02791 0.11111 0.02319 | 0.02778 0.11111 0.02778       0.00000      -0.00000
0.11110 0.44444 0.11160 | 0.11111 0.44444 0.11111 
0.02791 0.11111 0.02319 | 0.02778 0.11111 0.02778 

---------------------------------------------------------------------------
iteration : 6

0.02813 0.11111 0.02347 | 0.02775 0.11116 0.02772       0.00027      -0.00000
0.11147 0.44466 0.11324 | 0.11101 0.44466 0.11133 
0.02813 0.11111 0.02347 | 0.02775 0.11116 0.02772 

---------------------------------------------------------------------------
iteration : 7

0.02853 0.11126 0.02416 | 0.02766 0.11134 0.02773       0.00117      -0.00000
0.11233 0.44521 0.11277 | 0.11073 0.44521 0.11176 
0.02853 0.11126 0.02416 | 0.02766 0.11134 0.02773 

---------------------------------------------------------------------------
iteration : 8

0.02890 0.11149 0.02357 | 0.02751 0.11164 0.02783       0.00322      -0.00000
0.11390 0.44643 0.11520 | 0.11014 0.44643 0.11273 
0.02890 0.11149 0.02357 | 0.02751 0.11164 0.02783 

---------------------------------------------------------------------------
iteration : 9

0.02927 0.11186 0.02281 | 0.02728 0.11210 0.02816       0.00624      -0.00000
0.11610 0.44800 0.11587 | 0.10945 0.44800 0.11397 
0.02927 0.11186 0.02281 | 0.02728 0.11210 0.02816 

---------------------------------------------------------------------------
iteration : 10

0.02940 0.11222 0.02315 | 0.02703 0.11264 0.02867       0.01007      0.00000
0.11834 0.45012 0.11605 | 0.10857 0.45012 0.11546 
0.02940 0.11222 0.02315 | 0.02703 0.11264 0.02867 

---------------------------------------------------------------------------
iteration : 11

0.02955 0.11259 0.02371 | 0.02679 0.11318 0.02932       0.01351      -0.00000
0.12058 0.45175 0.11468 | 0.10806 0.45175 0.11670 
0.02955 0.11259 0.02371 | 0.02679 0.11318 0.02932 

---------------------------------------------------------------------------
iteration : 12

0.02963 0.11291 0.02359 | 0.02662 0.11368 0.02992       0.01673      0.00000
0.12214 0.45363 0.11508 | 0.10735 0.45363 0.11780 
0.02963 0.11291 0.02359 | 0.02662 0.11368 0.02992 

---------------------------------------------------------------------------
iteration : 13

0.02977 0.11319 0.02347 | 0.02648 0.11408 0.03042       0.01919      0.00000
0.12341 0.45473 0.11541 | 0.10710 0.45473 0.11884 
0.02977 0.11319 0.02347 | 0.02648 0.11408 0.03042 

---------------------------------------------------------------------------
iteration : 14

0.02995 0.11348 0.02391 | 0.02643 0.11435 0.03077       0.02123      0.00000
0.12374 0.45586 0.11653 | 0.10660 0.45586 0.11969 
0.02995 0.11348 0.02391 | 0.02643 0.11435 0.03077 

---------------------------------------------------------------------------
iteration : 15

0.03005 0.11366 0.02418 | 0.02642 0.11442 0.03094       0.02266      -0.00000
0.12401 0.45614 0.11703 | 0.10644 0.45614 0.12068 
0.03005 0.11366 0.02418 | 0.02642 0.11442 0.03094 

---------------------------------------------------------------------------
iteration : 16

0.03004 0.11386 0.02379 | 0.02645 0.11439 0.03104       0.02356      -0.00000
0.12378 0.45639 0.11847 | 0.10616 0.45639 0.12118 
0.03004 0.11386 0.02379 | 0.02645 0.11439 0.03104 

---------------------------------------------------------------------------
iteration : 17

0.02996 0.11385 0.02357 | 0.02647 0.11423 0.03107       0.02370      -0.00000
0.12350 0.45616 0.12000 | 0.10630 0.45616 0.12145 
0.02996 0.11385 0.02357 | 0.02647 0.11423 0.03107 

---------------------------------------------------------------------------
iteration : 18

0.02993 0.11380 0.02408 | 0.02651 0.11416 0.03101       0.02306      -0.00000
0.12308 0.45604 0.12081 | 0.10648 0.45604 0.12116 
0.02993 0.11380 0.02408 | 0.02651 0.11416 0.03101 

---------------------------------------------------------------------------
iteration : 19

0.02993 0.11367 0.02440 | 0.02653 0.11415 0.03088       0.02218      0.00000
0.12294 0.45594 0.12096 | 0.10680 0.45594 0.12087 
0.02993 0.11367 0.02440 | 0.02653 0.11415 0.03088 

---------------------------------------------------------------------------
iteration : 20

0.02998 0.11358 0.02387 | 0.02653 0.11428 0.03077       0.02151      0.00000
0.12289 0.45612 0.12199 | 0.10696 0.45612 0.12056 
0.02998 0.11358 0.02387 | 0.02653 0.11428 0.03077 

---------------------------------------------------------------------------
iteration : 21

0.03006 0.11354 0.02346 | 0.02654 0.11441 0.03072       0.02129      0.00000
0.12304 0.45623 0.12330 | 0.10701 0.45623 0.12053 
0.03006 0.11354 0.02346 | 0.02654 0.11441 0.03072 

---------------------------------------------------------------------------
iteration : 22

0.03010 0.11358 0.02392 | 0.02653 0.11451 0.03071       0.02154      0.00000
0.12320 0.45642 0.12335 | 0.10689 0.45642 0.12065 
0.03010 0.11358 0.02392 | 0.02653 0.11451 0.03071 

---------------------------------------------------------------------------
iteration : 23

0.03014 0.11374 0.02428 | 0.02650 0.11455 0.03076       0.02195      0.00000
0.12362 0.45653 0.12233 | 0.10681 0.45653 0.12086 
0.03014 0.11374 0.02428 | 0.02650 0.11455 0.03076 

---------------------------------------------------------------------------
iteration : 24

0.03017 0.11395 0.02382 | 0.02648 0.11456 0.03087       0.02260      0.00000
0.12407 0.45702 0.12245 | 0.10664 0.45702 0.12110 
0.03017 0.11395 0.02382 | 0.02648 0.11456 0.03087 

---------------------------------------------------------------------------
iteration : 25

0.03023 0.11412 0.02354 | 0.02645 0.11463 0.03102       0.02325      0.00000
0.12470 0.45756 0.12338 | 0.10661 0.45756 0.12143 
0.03023 0.11412 0.02354 | 0.02645 0.11463 0.03102 

---------------------------------------------------------------------------
iteration : 26

0.03031 0.11419 0.02415 | 0.02643 0.11480 0.03117       0.02398      0.00000
0.12501 0.45835 0.12300 | 0.10651 0.45835 0.12174 
0.03031 0.11419 0.02415 | 0.02643 0.11480 0.03117 

---------------------------------------------------------------------------
iteration : 27

0.03038 0.11421 0.02456 | 0.02640 0.11500 0.03127       0.02447      0.00000
0.12540 0.45876 0.12173 | 0.10655 0.45876 0.12209 
0.03038 0.11421 0.02456 | 0.02640 0.11500 0.03127 

---------------------------------------------------------------------------
iteration : 28

0.03040 0.11428 0.02397 | 0.02640 0.11516 0.03134       0.02500      -0.00000
0.12567 0.45913 0.12205 | 0.10637 0.45913 0.12233 
0.03040 0.11428 0.02397 | 0.02640 0.11516 0.03134 

---------------------------------------------------------------------------
iteration : 29

0.03038 0.11436 0.02358 | 0.02638 0.11521 0.03145       0.02555      -0.00000
0.12586 0.45925 0.12353 | 0.10630 0.45925 0.12259 
0.03038 0.11436 0.02358 | 0.02638 0.11521 0.03145 

---------------------------------------------------------------------------
iteration : 30

0.03035 0.11443 0.02429 | 0.02637 0.11521 0.03152       0.02579      -0.00000
0.12567 0.45940 0.12339 | 0.10627 0.45940 0.12267 
0.03035 0.11443 0.02429 | 0.02637 0.11521 0.03152 

---------------------------------------------------------------------------
iteration : 31

0.03037 0.11449 0.02484 | 0.02640 0.11517 0.03150       0.02554      -0.00000
0.12563 0.45936 0.12219 | 0.10645 0.45936 0.12266 
0.03037 0.11449 0.02484 | 0.02640 0.11517 0.03150 

---------------------------------------------------------------------------
iteration : 32

0.03037 0.11456 0.02418 | 0.02643 0.11518 0.03147       0.02532      -0.00000
0.12575 0.45961 0.12285 | 0.10649 0.45961 0.12261 
0.03037 0.11456 0.02418 | 0.02643 0.11518 0.03147 

---------------------------------------------------------------------------
iteration : 33

0.03040 0.11458 0.02358 | 0.02644 0.11524 0.03150       0.02533      -0.00000
0.12593 0.45989 0.12489 | 0.10657 0.45989 0.12265 
0.03040 0.11458 0.02358 | 0.02644 0.11524 0.03150 

---------------------------------------------------------------------------
iteration : 34

0.03046 0.11453 0.02426 | 0.02643 0.11536 0.03153       0.02542      -0.00000
0.12585 0.46021 0.12476 | 0.10658 0.46021 0.12272 
0.03046 0.11453 0.02426 | 0.02643 0.11536 0.03153 

---------------------------------------------------------------------------
iteration : 35

0.03054 0.11453 0.02495 | 0.02643 0.11547 0.03150       0.02539      0.00000
0.12595 0.46021 0.12294 | 0.10664 0.46021 0.12284 
0.03054 0.11453 0.02495 | 0.02643 0.11547 0.03150 

---------------------------------------------------------------------------
iteration : 36

0.03056 0.11467 0.02426 | 0.02643 0.11552 0.03149       0.02562      -0.00000
0.12628 0.46042 0.12323 | 0.10651 0.46042 0.12296 
0.03056 0.11467 0.02426 | 0.02643 0.11552 0.03149 

---------------------------------------------------------------------------
iteration : 37

0.03059 0.11483 0.02349 | 0.02640 0.11554 0.03159       0.02613      0.00000
0.12666 0.46078 0.12548 | 0.10644 0.46078 0.12318 
0.03059 0.11483 0.02349 | 0.02640 0.11554 0.03159 

---------------------------------------------------------------------------
iteration : 38

0.03064 0.11489 0.02425 | 0.02638 0.11561 0.03170       0.02658      -0.00000
0.12671 0.46128 0.12532 | 0.10642 0.46128 0.12340 
0.03064 0.11489 0.02425 | 0.02638 0.11561 0.03170 

---------------------------------------------------------------------------
iteration : 39

0.03072 0.11494 0.02520 | 0.02639 0.11572 0.03172       0.02668      0.00000
0.12688 0.46154 0.12293 | 0.10653 0.46154 0.12360 
0.03072 0.11494 0.02520 | 0.02639 0.11572 0.03172 

---------------------------------------------------------------------------
iteration : 40

0.03075 0.11504 0.02445 | 0.02640 0.11583 0.03173       0.02690      0.00000
0.12729 0.46192 0.12296 | 0.10645 0.46192 0.12378 
0.03075 0.11504 0.02445 | 0.02640 0.11583 0.03173 

---------------------------------------------------------------------------
iteration : 41

0.03076 0.11513 0.02337 | 0.02639 0.11592 0.03185       0.02746      0.00000
0.12769 0.46231 0.12575 | 0.10635 0.46231 0.12402 
0.03076 0.11513 0.02337 | 0.02639 0.11592 0.03185 

---------------------------------------------------------------------------
iteration : 42

0.03079 0.11514 0.02419 | 0.02636 0.11601 0.03197       0.02797      0.00000
0.12761 0.46265 0.12586 | 0.10629 0.46265 0.12422 
0.03079 0.11514 0.02419 | 0.02636 0.11601 0.03197 

---------------------------------------------------------------------------
iteration : 43

0.03085 0.11517 0.02553 | 0.02636 0.11608 0.03196       0.02794      0.00000
0.12756 0.46265 0.12292 | 0.10642 0.46265 0.12433 
0.03085 0.11517 0.02553 | 0.02636 0.11608 0.03196 

---------------------------------------------------------------------------
iteration : 44

0.03085 0.11532 0.02476 | 0.02638 0.11610 0.03192       0.02788      0.00000
0.12788 0.46287 0.12275 | 0.10640 0.46287 0.12439 
0.03085 0.11532 0.02476 | 0.02638 0.11610 0.03192 

---------------------------------------------------------------------------
iteration : 45

0.03084 0.11546 0.02324 | 0.02638 0.11613 0.03202       0.02821      0.00000
0.12826 0.46329 0.12643 | 0.10636 0.46329 0.12452 
0.03084 0.11546 0.02324 | 0.02638 0.11613 0.03202 

---------------------------------------------------------------------------
iteration : 46

0.03087 0.11544 0.02406 | 0.02637 0.11622 0.03213       0.02856      -0.00000
0.12809 0.46376 0.12706 | 0.10638 0.46376 0.12467 
0.03087 0.11544 0.02406 | 0.02637 0.11622 0.03213 

---------------------------------------------------------------------------
iteration : 47

0.03095 0.11539 0.02585 | 0.02638 0.11633 0.03209       0.02831      -0.00000
0.12793 0.46375 0.12337 | 0.10659 0.46375 0.12474 
0.03095 0.11539 0.02585 | 0.02638 0.11633 0.03209 

---------------------------------------------------------------------------
iteration : 48

0.03096 0.11550 0.02506 | 0.02642 0.11639 0.03200       0.02813      -0.00000
0.12828 0.46384 0.12265 | 0.10655 0.46384 0.12477 
0.03096 0.11550 0.02506 | 0.02642 0.11639 0.03200 

---------------------------------------------------------------------------
iteration : 49

0.03094 0.11566 0.02301 | 0.02641 0.11641 0.03210       0.02859      -0.00000
0.12879 0.46417 0.12712 | 0.10641 0.46417 0.12491 
0.03094 0.11566 0.02301 | 0.02641 0.11641 0.03210 

---------------------------------------------------------------------------
iteration : 50

0.03097 0.11567 0.02382 | 0.02637 0.11647 0.03226       0.02915      -0.00000
0.12862 0.46467 0.12834 | 0.10638 0.46467 0.12510 
0.03097 0.11567 0.02382 | 0.02637 0.11647 0.03226 

---------------------------------------------------------------------------
iteration : 51

0.03107 0.11564 0.02622 | 0.02637 0.11657 0.03223       0.02891      0.00000
0.12839 0.46470 0.12364 | 0.10664 0.46470 0.12519 
0.03107 0.11564 0.02622 | 0.02637 0.11657 0.03223 

---------------------------------------------------------------------------
iteration : 52

0.03108 0.11579 0.02547 | 0.02642 0.11664 0.03211       0.02861      0.00000
0.12882 0.46487 0.12212 | 0.10665 0.46487 0.12522 
0.03108 0.11579 0.02547 | 0.02642 0.11664 0.03211 

---------------------------------------------------------------------------
iteration : 53

0.03105 0.11597 0.02272 | 0.02643 0.11668 0.03223       0.02912      0.00000
0.12949 0.46535 0.12758 | 0.10649 0.46535 0.12539 
0.03105 0.11597 0.02272 | 0.02643 0.11668 0.03223 

---------------------------------------------------------------------------
iteration : 54

0.03107 0.11594 0.02345 | 0.02639 0.11677 0.03244       0.02983      0.00000
0.12927 0.46593 0.12971 | 0.10643 0.46593 0.12561 
0.03107 0.11594 0.02345 | 0.02639 0.11677 0.03244 

---------------------------------------------------------------------------
iteration : 55

0.03118 0.11584 0.02665 | 0.02639 0.11689 0.03240       0.02957      0.00000
0.12887 0.46584 0.12381 | 0.10670 0.46584 0.12571 
0.03118 0.11584 0.02665 | 0.02639 0.11689 0.03240 

---------------------------------------------------------------------------
iteration : 56

0.03120 0.11601 0.02602 | 0.02644 0.11693 0.03224       0.02913      0.00000
0.12931 0.46579 0.12124 | 0.10671 0.46579 0.12569 
0.03120 0.11601 0.02602 | 0.02644 0.11693 0.03224 

---------------------------------------------------------------------------
iteration : 57

0.03113 0.11626 0.02241 | 0.02644 0.11692 0.03235       0.02969      -0.00000
0.13013 0.46630 0.12793 | 0.10649 0.46630 0.12585 
0.03113 0.11626 0.02241 | 0.02644 0.11692 0.03235 

---------------------------------------------------------------------------
iteration : 58

0.03115 0.11624 0.02294 | 0.02639 0.11700 0.03262       0.03050      -0.00000
0.12985 0.46701 0.13150 | 0.10646 0.46701 0.12606 
0.03115 0.11624 0.02294 | 0.02639 0.11700 0.03262 

---------------------------------------------------------------------------
iteration : 59

0.03126 0.11608 0.02712 | 0.02639 0.11714 0.03257       0.03009      0.00000
0.12920 0.46695 0.12422 | 0.10683 0.46695 0.12614 
0.03126 0.11608 0.02712 | 0.02639 0.11714 0.03257 

---------------------------------------------------------------------------
iteration : 60

0.03130 0.11623 0.02674 | 0.02647 0.11720 0.03233       0.02929      -0.00000
0.12962 0.46675 0.12021 | 0.10694 0.46675 0.12604 
0.03130 0.11623 0.02674 | 0.02647 0.11720 0.03233 

---------------------------------------------------------------------------
iteration : 61

0.03118 0.11650 0.02204 | 0.02649 0.11718 0.03241       0.02984      -0.00000
0.13064 0.46728 0.12823 | 0.10662 0.46728 0.12619 
0.03118 0.11650 0.02204 | 0.02649 0.11718 0.03241 

---------------------------------------------------------------------------
iteration : 62

0.03122 0.11648 0.02221 | 0.02642 0.11725 0.03276       0.03087      -0.00000
0.13036 0.46798 0.13382 | 0.10654 0.46798 0.12640 
0.03122 0.11648 0.02221 | 0.02642 0.11725 0.03276 

---------------------------------------------------------------------------
iteration : 63

0.03132 0.11626 0.02762 | 0.02641 0.11738 0.03271       0.03052      -0.00000
0.12944 0.46792 0.12480 | 0.10692 0.46792 0.12651 
0.03132 0.11626 0.02762 | 0.02641 0.11738 0.03271 

---------------------------------------------------------------------------
iteration : 64

0.03142 0.11644 0.02767 | 0.02650 0.11744 0.03240       0.02939      0.00000
0.12989 0.46749 0.11884 | 0.10716 0.46749 0.12633 
0.03142 0.11644 0.02767 | 0.02650 0.11744 0.03240 

---------------------------------------------------------------------------
iteration : 65

0.03122 0.11679 0.02163 | 0.02653 0.11739 0.03245       0.03000      -0.00000
0.13118 0.46823 0.12824 | 0.10671 0.46823 0.12650 
0.03122 0.11679 0.02163 | 0.02653 0.11739 0.03245 

---------------------------------------------------------------------------
iteration : 66

0.03128 0.11679 0.02120 | 0.02645 0.11747 0.03292       0.03123      0.00000
0.13095 0.46902 0.13667 | 0.10667 0.46902 0.12671 
0.03128 0.11679 0.02120 | 0.02645 0.11747 0.03292 

---------------------------------------------------------------------------
iteration : 67

0.03136 0.11643 0.02815 | 0.02644 0.11765 0.03286       0.03093      0.00000
0.12965 0.46912 0.12553 | 0.10704 0.46912 0.12688 
0.03136 0.11643 0.02815 | 0.02644 0.11765 0.03286 

---------------------------------------------------------------------------
iteration : 68

0.03156 0.11661 0.02887 | 0.02654 0.11772 0.03247       0.02932      0.00000
0.13011 0.46822 0.11704 | 0.10748 0.46822 0.12657 
0.03156 0.11661 0.02887 | 0.02654 0.11772 0.03247 

---------------------------------------------------------------------------
iteration : 69

0.03122 0.11702 0.02123 | 0.02660 0.11764 0.03246       0.03007      0.00000
0.13171 0.46917 0.12781 | 0.10676 0.46917 0.12679 
0.03122 0.11702 0.02123 | 0.02660 0.11764 0.03246 

---------------------------------------------------------------------------
iteration : 70

0.03136 0.11710 0.01987 | 0.02647 0.11768 0.03308       0.03160      0.00000
0.13163 0.46987 0.14023 | 0.10679 0.46987 0.12698 
0.03136 0.11710 0.01987 | 0.02647 0.11768 0.03308 

---------------------------------------------------------------------------
iteration : 71

0.03134 0.11661 0.02867 | 0.02645 0.11788 0.03303       0.03150      -0.00000
0.12980 0.47033 0.12651 | 0.10705 0.47033 0.12726 
0.03134 0.11661 0.02867 | 0.02645 0.11788 0.03303 

---------------------------------------------------------------------------
iteration : 72

0.03170 0.11680 0.03041 | 0.02656 0.11796 0.03256       0.02915      0.00000
0.13026 0.46879 0.11487 | 0.10792 0.46879 0.12676 
0.03170 0.11680 0.03041 | 0.02656 0.11796 0.03256 

---------------------------------------------------------------------------
iteration : 73

0.03117 0.11727 0.02088 | 0.02668 0.11786 0.03243       0.02998      -0.00000
0.13216 0.47021 0.12686 | 0.10681 0.47021 0.12702 
0.03117 0.11727 0.02088 | 0.02668 0.11786 0.03243 

---------------------------------------------------------------------------
iteration : 74

0.03143 0.11741 0.01818 | 0.02650 0.11789 0.03326       0.03172      -0.00000
0.13237 0.47065 0.14466 | 0.10704 0.47065 0.12715 
0.03143 0.11741 0.01818 | 0.02650 0.11789 0.03326 

---------------------------------------------------------------------------
iteration : 75

0.03126 0.11672 0.02916 | 0.02649 0.11812 0.03320       0.03203      -0.00000
0.12983 0.47171 0.12776 | 0.10700 0.47171 0.12759 
0.03126 0.11672 0.02916 | 0.02649 0.11812 0.03320 

---------------------------------------------------------------------------
iteration : 76

0.03189 0.11693 0.03232 | 0.02659 0.11822 0.03266       0.02879      -0.00000
0.13033 0.46907 0.11233 | 0.10848 0.46907 0.12685 
0.03189 0.11693 0.03232 | 0.02659 0.11822 0.03266 

---------------------------------------------------------------------------
iteration : 77

0.03107 0.11748 0.02066 | 0.02677 0.11807 0.03234       0.02983      -0.00000
0.13254 0.47124 0.12519 | 0.10674 0.47124 0.12720 
0.03107 0.11748 0.02066 | 0.02677 0.11807 0.03234 

---------------------------------------------------------------------------
iteration : 78

0.03153 0.11779 0.01616 | 0.02652 0.11805 0.03344       0.03178      0.00000
0.13332 0.47117 0.14987 | 0.10736 0.47117 0.12726 
0.03153 0.11779 0.01616 | 0.02652 0.11805 0.03344 

---------------------------------------------------------------------------
iteration : 79

0.03110 0.11684 0.02952 | 0.02652 0.11835 0.03339       0.03276      0.00000
0.12984 0.47338 0.12917 | 0.10680 0.47338 0.12793 
0.03110 0.11684 0.02952 | 0.02652 0.11835 0.03339 

---------------------------------------------------------------------------
iteration : 80

0.03213 0.11706 0.03458 | 0.02660 0.11849 0.03279       0.02830      0.00000
0.13043 0.46921 0.10946 | 0.10926 0.46921 0.12691 
0.03213 0.11706 0.03458 | 0.02660 0.11849 0.03279 

---------------------------------------------------------------------------
iteration : 81

0.03093 0.11766 0.02074 | 0.02689 0.11832 0.03221       0.02962      0.00000
0.13285 0.47251 0.12259 | 0.10657 0.47251 0.12736 
0.03093 0.11766 0.02074 | 0.02689 0.11832 0.03221 

---------------------------------------------------------------------------
iteration : 82

0.03169 0.11818 0.01394 | 0.02653 0.11824 0.03364       0.03177      0.00000
0.13460 0.47148 0.15549 | 0.10780 0.47148 0.12737 
0.03169 0.11818 0.01394 | 0.02653 0.11824 0.03364 

---------------------------------------------------------------------------
iteration : 83

0.03090 0.11696 0.02963 | 0.02654 0.11860 0.03363       0.03390      -0.00000
0.12991 0.47540 0.13067 | 0.10632 0.47540 0.12834 
0.03090 0.11696 0.02963 | 0.02654 0.11860 0.03363 

---------------------------------------------------------------------------
iteration : 84

0.03245 0.11719 0.03707 | 0.02657 0.11876 0.03300       0.02802      -0.00000
0.13065 0.46912 0.10658 | 0.11014 0.46912 0.12706 
0.03245 0.11719 0.03707 | 0.02657 0.11876 0.03300 

---------------------------------------------------------------------------
iteration : 85

0.03080 0.11785 0.02131 | 0.02700 0.11858 0.03206       0.02961      -0.00000
0.13315 0.47404 0.11906 | 0.10621 0.47404 0.12758 
0.03080 0.11785 0.02131 | 0.02700 0.11858 0.03206 

---------------------------------------------------------------------------
iteration : 86

0.03191 0.11866 0.01172 | 0.02651 0.11844 0.03386       0.03189      -0.00000
0.13637 0.47169 0.16088 | 0.10833 0.47169 0.12761 
0.03191 0.11866 0.01172 | 0.02651 0.11844 0.03386 

---------------------------------------------------------------------------
iteration : 87

0.03071 0.11715 0.02918 | 0.02656 0.11892 0.03394       0.03558      -0.00000
0.13022 0.47800 0.13254 | 0.10556 0.47800 0.12890 
0.03071 0.11715 0.02918 | 0.02656 0.11892 0.03394 

---------------------------------------------------------------------------
iteration : 88

0.03287 0.11731 0.03956 | 0.02649 0.11912 0.03332       0.02817      -0.00000
0.13112 0.46909 0.10450 | 0.11112 0.46909 0.12747 
0.03287 0.11731 0.03956 | 0.02649 0.11912 0.03332 

---------------------------------------------------------------------------
iteration : 89

0.03075 0.11805 0.02265 | 0.02711 0.11895 0.03192       0.02997      0.00000
0.13352 0.47590 0.11491 | 0.10565 0.47590 0.12796 
0.03075 0.11805 0.02265 | 0.02711 0.11895 0.03192 

---------------------------------------------------------------------------
iteration : 90

0.03221 0.11922 0.00963 | 0.02646 0.11870 0.03411       0.03245      0.00000
0.13883 0.47189 0.16519 | 0.10883 0.47189 0.12816 
0.03221 0.11922 0.00963 | 0.02646 0.11870 0.03411 

---------------------------------------------------------------------------
iteration : 91

0.03058 0.11748 0.02758 | 0.02652 0.11931 0.03440       0.03816      0.00000
0.13101 0.48115 0.13586 | 0.10444 0.48115 0.12974 
0.03058 0.11748 0.02758 | 0.02652 0.11931 0.03440 

---------------------------------------------------------------------------
iteration : 92

0.03333 0.11748 0.04171 | 0.02634 0.11956 0.03380       0.02924      0.00000
0.13196 0.46942 0.10484 | 0.11202 0.46942 0.12836 
0.03333 0.11748 0.04171 | 0.02634 0.11956 0.03380 

---------------------------------------------------------------------------
iteration : 93

0.03084 0.11832 0.02517 | 0.02718 0.11943 0.03188       0.03083      0.00000
0.13405 0.47812 0.11076 | 0.10502 0.47812 0.12857 
0.03084 0.11832 0.02517 | 0.02718 0.11943 0.03188 

---------------------------------------------------------------------------
iteration : 94

0.03249 0.11986 0.00759 | 0.02639 0.11904 0.03438       0.03352      0.00000
0.14202 0.47238 0.16764 | 0.10921 0.47238 0.12912 
0.03249 0.11986 0.00759 | 0.02639 0.11904 0.03438 

---------------------------------------------------------------------------
iteration : 95

0.03053 0.11798 0.02364 | 0.02644 0.11980 0.03506       0.04150      0.00000
0.13237 0.48474 0.14318 | 0.10311 0.48474 0.13076 
0.03053 0.11798 0.02364 | 0.02644 0.11980 0.03506 

---------------------------------------------------------------------------
iteration : 96

0.03368 0.11764 0.04319 | 0.02614 0.12009 0.03444       0.03124      0.00000
0.13299 0.47028 0.11038 | 0.11273 0.47028 0.12968 
0.03368 0.11764 0.04319 | 0.02614 0.12009 0.03444 

---------------------------------------------------------------------------
iteration : 97

0.03103 0.11863 0.02975 | 0.02723 0.11999 0.03195       0.03174      -0.00000
0.13461 0.48018 0.10739 | 0.10455 0.48018 0.12915 
0.03103 0.11863 0.02975 | 0.02723 0.11999 0.03195 

---------------------------------------------------------------------------
iteration : 98

0.03242 0.12049 0.00551 | 0.02636 0.11940 0.03461       0.03475      -0.00000
0.14560 0.47312 0.16731 | 0.10941 0.47312 0.13020 
0.03242 0.12049 0.00551 | 0.02636 0.11940 0.03461 

---------------------------------------------------------------------------
iteration : 99

0.03037 0.11861 0.01543 | 0.02636 0.12026 0.03596       0.04464      -0.00000
0.13409 0.48798 0.15790 | 0.10203 0.48798 0.13133 
0.03037 0.11861 0.01543 | 0.02636 0.12026 0.03596 

---------------------------------------------------------------------------
