Flags : 

[[1. 0. 0. 1.]
 [1. 0. 0. 1.]
 [1. 0. 0. 1.]
 [1. 0. 0. 1.]
 [1. 0. 0. 1.]]

Directions for respectively fin & fout : 

2 5 8    2 5 8    2 5 8    2 5 8    2 5 8    |   6 3 0    6 3 0    6 3 0    6 3 0    6 3 0    
1 4 7    1 4 7    1 4 7    1 4 7    1 4 7    |   7 4 1    7 4 1    7 4 1    7 4 1    7 4 1    
0 3 5    0 3 5    0 3 5    0 3 5    0 3 5    |   8 5 2    8 5 2    8 5 2    8 5 2    8 5 2    

2 5 8    2 5 8    2 5 8    2 5 8    2 5 8    |   6 3 0    6 3 0    6 3 0    6 3 0    6 3 0    
1 4 7    1 4 7    1 4 7    1 4 7    1 4 7    |   7 4 1    7 4 1    7 4 1    7 4 1    7 4 1    
0 3 5    0 3 5    0 3 5    0 3 5    0 3 5    |   8 5 2    8 5 2    8 5 2    8 5 2    8 5 2    

2 5 8    2 5 8    2 5 8    2 5 8    2 5 8    |   6 3 0    6 3 0    6 3 0    6 3 0    6 3 0    
1 4 7    1 4 7    1 4 7    1 4 7    1 4 7    |   7 4 1    7 4 1    7 4 1    7 4 1    7 4 1    
0 3 5    0 3 5    0 3 5    0 3 5    0 3 5    |   8 5 2    8 5 2    8 5 2    8 5 2    8 5 2    

2 5 8    2 5 8    2 5 8    2 5 8    2 5 8    |   6 3 0    6 3 0    6 3 0    6 3 0    6 3 0    
1 4 7    1 4 7    1 4 7    1 4 7    1 4 7    |   7 4 1    7 4 1    7 4 1    7 4 1    7 4 1    
0 3 5    0 3 5    0 3 5    0 3 5    0 3 5    |   8 5 2    8 5 2    8 5 2    8 5 2    8 5 2    

-------------------------------------------------------------------------------------------------------------------------

Iteration : 0

After Collision, Before Streaming

0.0 0.0 0.0    0.0 0.0 0.0    0.0 0.0 0.0    0.0 0.0 0.0    0.0 0.0 0.0    |   0.0 0.0 0.0    0.0 0.0 0.0    0.0 0.0 0.0    0.0 0.0 0.0    0.0 0.0 0.0    
0.0 0.0 0.0    0.0 0.0 0.0    0.0 0.0 0.0    0.0 0.0 0.0    0.0 0.0 0.0    |   0.0 0.0 0.0    0.0 0.0 0.0    0.0 0.0 0.0    0.0 0.0 0.0    0.0 0.0 0.0    
0.0 0.0 0.0    0.0 0.0 0.0    0.0 0.0 0.0    0.0 0.0 0.0    0.0 0.0 0.0    |   0.0 0.0 0.0    0.0 0.0 0.0    0.0 0.0 0.0    0.0 0.0 0.0    0.0 0.0 0.0    

0.0 0.0 0.0    0.0 0.0 0.0    0.0 0.0 0.0    0.0 0.0 0.0    0.0 0.0 0.0    |   0.0 0.0 0.0    0.0 0.0 0.0    0.0 0.0 0.0    0.0 0.0 0.0    0.0 0.0 0.0    
0.0 0.0 0.0    0.0 0.0 0.0    0.0 0.0 0.0    0.0 0.0 0.0    0.0 0.0 0.0    |   0.0 0.0 0.0    0.0 0.0 0.0    0.0 1.0 0.0    0.0 0.0 0.0    0.0 0.0 0.0    
0.0 0.0 0.0    0.0 0.0 0.0    0.0 0.0 0.0    0.0 0.0 0.0    0.0 0.0 0.0    |   0.0 0.0 0.0    0.0 0.0 0.0    0.0 0.0 0.0    0.0 0.0 0.0    0.0 0.0 0.0    

0.0 0.0 0.0    0.0 0.0 0.0    0.0 0.0 0.0    0.0 0.0 0.0    0.0 0.0 0.0    |   0.0 0.0 0.0    0.0 0.0 0.0    0.0 0.0 0.0    0.0 0.0 0.0    0.0 0.0 0.0    
0.0 0.0 0.0    0.0 0.0 0.0    0.0 0.0 0.0    0.0 0.0 0.0    0.0 0.0 0.0    |   0.0 0.0 0.0    0.0 0.0 0.0    0.0 0.0 0.0    0.0 0.0 0.0    0.0 0.0 0.0    
0.0 0.0 0.0    0.0 0.0 0.0    0.0 0.0 0.0    0.0 0.0 0.0    0.0 0.0 0.0    |   0.0 0.0 0.0    0.0 0.0 0.0    0.0 0.0 0.0    0.0 0.0 0.0    0.0 0.0 0.0    

0.0 0.0 0.0    0.0 0.0 0.0    0.0 0.0 0.0    0.0 0.0 0.0    0.0 0.0 0.0    |   0.0 0.0 0.0    0.0 0.0 0.0    0.0 0.0 0.0    0.0 0.0 0.0    0.0 0.0 0.0    
0.0 0.0 0.0    0.0 0.0 0.0    0.0 0.0 0.0    0.0 0.0 0.0    0.0 0.0 0.0    |   0.0 0.0 0.0    0.0 0.0 0.0    0.0 0.0 0.0    0.0 0.0 0.0    0.0 0.0 0.0    
0.0 0.0 0.0    0.0 0.0 0.0    0.0 0.0 0.0    0.0 0.0 0.0    0.0 0.0 0.0    |   0.0 0.0 0.0    0.0 0.0 0.0    0.0 0.0 0.0    0.0 0.0 0.0    0.0 0.0 0.0    

No bounceback

After Streaming, Before Collision

0.0 0.0 0.0    0.0 0.0 0.0    0.0 0.0 0.0    0.0 0.0 0.0    0.0 0.0 0.0    |   0.0 0.0 0.0    0.0 0.0 0.0    0.0 0.0 0.0    0.0 0.0 0.0    0.0 0.0 0.0    
0.0 0.0 0.0    0.0 0.0 0.0    0.0 0.0 0.0    0.0 0.0 0.0    0.0 0.0 0.0    |   0.0 0.0 0.0    0.0 0.0 0.0    0.0 0.0 0.0    0.0 0.0 0.0    0.0 0.0 0.0    
0.0 0.0 0.0    0.0 0.0 0.0    0.0 0.0 0.0    0.0 0.0 0.0    0.0 0.0 0.0    |   0.0 0.0 0.0    0.0 0.0 0.0    0.0 0.0 0.0    0.0 0.0 0.0    0.0 0.0 0.0    

0.0 0.0 0.0    0.0 0.0 0.0    0.0 0.0 0.0    0.0 0.0 0.0    0.0 0.0 0.0    |   0.0 0.0 0.0    0.0 0.0 0.0    0.0 0.0 0.0    0.0 0.0 0.0    0.0 0.0 0.0    
0.0 0.0 0.0    0.0 0.0 0.0    0.0 1.0 0.0    0.0 0.0 0.0    0.0 0.0 0.0    |   0.0 0.0 0.0    0.0 0.0 0.0    0.0 0.0 0.0    0.0 0.0 0.0    0.0 0.0 0.0    
0.0 0.0 0.0    0.0 0.0 0.0    0.0 0.0 0.0    0.0 0.0 0.0    0.0 0.0 0.0    |   0.0 0.0 0.0    0.0 0.0 0.0    0.0 0.0 0.0    0.0 0.0 0.0    0.0 0.0 0.0    

0.0 0.0 0.0    0.0 0.0 0.0    0.0 0.0 0.0    0.0 0.0 0.0    0.0 0.0 0.0    |   0.0 0.0 0.0    0.0 0.0 0.0    0.0 0.0 0.0    0.0 0.0 0.0    0.0 0.0 0.0    
0.0 0.0 0.0    0.0 0.0 0.0    0.0 0.0 0.0    0.0 0.0 0.0    0.0 0.0 0.0    |   0.0 0.0 0.0    0.0 0.0 0.0    0.0 0.0 0.0    0.0 0.0 0.0    0.0 0.0 0.0    
0.0 0.0 0.0    0.0 0.0 0.0    0.0 0.0 0.0    0.0 0.0 0.0    0.0 0.0 0.0    |   0.0 0.0 0.0    0.0 0.0 0.0    0.0 0.0 0.0    0.0 0.0 0.0    0.0 0.0 0.0    

0.0 0.0 0.0    0.0 0.0 0.0    0.0 0.0 0.0    0.0 0.0 0.0    0.0 0.0 0.0    |   0.0 0.0 0.0    0.0 0.0 0.0    0.0 0.0 0.0    0.0 0.0 0.0    0.0 0.0 0.0    
0.0 0.0 0.0    0.0 0.0 0.0    0.0 0.0 0.0    0.0 0.0 0.0    0.0 0.0 0.0    |   0.0 0.0 0.0    0.0 0.0 0.0    0.0 0.0 0.0    0.0 0.0 0.0    0.0 0.0 0.0    
0.0 0.0 0.0    0.0 0.0 0.0    0.0 0.0 0.0    0.0 0.0 0.0    0.0 0.0 0.0    |   0.0 0.0 0.0    0.0 0.0 0.0    0.0 0.0 0.0    0.0 0.0 0.0    0.0 0.0 0.0    

Streaming moved value on : 
- fout[4,2,2] to fin[4,2,2]

-------------------------------------------------------------------------------------------------------------------------

Iteration : 1

After Collision, Before Streaming

0.0 0.0 0.0    0.0 0.0 0.0    0.0 0.0 0.0    0.0 0.0 0.0    0.0 0.0 0.0    |   0.0 0.0 0.0    0.0 0.0 0.0    0.0 0.0 0.0    0.0 0.0 0.0    0.0 0.0 0.0    
0.0 0.0 0.0    0.0 0.0 0.0    0.0 0.0 0.0    0.0 0.0 0.0    0.0 0.0 0.0    |   0.0 0.0 0.0    0.0 0.0 0.0    0.0 0.0 0.0    0.0 0.0 0.0    0.0 0.0 0.0    
0.0 0.0 0.0    0.0 0.0 0.0    0.0 0.0 0.0    0.0 0.0 0.0    0.0 0.0 0.0    |   0.0 0.0 0.0    0.0 0.0 0.0    0.0 0.0 0.0    0.0 0.0 0.0    0.0 0.0 0.0    

0.0 0.0 0.0    0.0 0.0 0.0    0.0 0.0 0.0    0.0 0.0 0.0    0.0 0.0 0.0    |   0.0 0.0 0.0    0.0 0.0 0.0    0.0 0.0 0.0    0.0 0.0 0.0    0.0 0.0 0.0    
0.0 0.0 0.0    0.0 0.0 0.0    0.0 0.0 0.0    0.0 0.0 0.0    0.0 0.0 0.0    |   0.0 0.0 0.0    0.0 0.0 0.0    0.0 1.0 0.0    0.0 0.0 0.0    0.0 0.0 0.0    
0.0 0.0 0.0    0.0 0.0 0.0    0.0 0.0 0.0    0.0 0.0 0.0    0.0 0.0 0.0    |   0.0 0.0 0.0    0.0 0.0 0.0    0.0 0.0 0.0    0.0 0.0 0.0    0.0 0.0 0.0    

0.0 0.0 0.0    0.0 0.0 0.0    0.0 0.0 0.0    0.0 0.0 0.0    0.0 0.0 0.0    |   0.0 0.0 0.0    0.0 0.0 0.0    0.0 0.0 0.0    0.0 0.0 0.0    0.0 0.0 0.0    
0.0 0.0 0.0    0.0 0.0 0.0    0.0 0.0 0.0    0.0 0.0 0.0    0.0 0.0 0.0    |   0.0 0.0 0.0    0.0 0.0 0.0    0.0 0.0 0.0    0.0 0.0 0.0    0.0 0.0 0.0    
0.0 0.0 0.0    0.0 0.0 0.0    0.0 0.0 0.0    0.0 0.0 0.0    0.0 0.0 0.0    |   0.0 0.0 0.0    0.0 0.0 0.0    0.0 0.0 0.0    0.0 0.0 0.0    0.0 0.0 0.0    

0.0 0.0 0.0    0.0 0.0 0.0    0.0 0.0 0.0    0.0 0.0 0.0    0.0 0.0 0.0    |   0.0 0.0 0.0    0.0 0.0 0.0    0.0 0.0 0.0    0.0 0.0 0.0    0.0 0.0 0.0    
0.0 0.0 0.0    0.0 0.0 0.0    0.0 0.0 0.0    0.0 0.0 0.0    0.0 0.0 0.0    |   0.0 0.0 0.0    0.0 0.0 0.0    0.0 0.0 0.0    0.0 0.0 0.0    0.0 0.0 0.0    
0.0 0.0 0.0    0.0 0.0 0.0    0.0 0.0 0.0    0.0 0.0 0.0    0.0 0.0 0.0    |   0.0 0.0 0.0    0.0 0.0 0.0    0.0 0.0 0.0    0.0 0.0 0.0    0.0 0.0 0.0    

No bounceback

After Streaming, Before Collision

0.0 0.0 0.0    0.0 0.0 0.0    0.0 0.0 0.0    0.0 0.0 0.0    0.0 0.0 0.0    |   0.0 0.0 0.0    0.0 0.0 0.0    0.0 0.0 0.0    0.0 0.0 0.0    0.0 0.0 0.0    
0.0 0.0 0.0    0.0 0.0 0.0    0.0 0.0 0.0    0.0 0.0 0.0    0.0 0.0 0.0    |   0.0 0.0 0.0    0.0 0.0 0.0    0.0 0.0 0.0    0.0 0.0 0.0    0.0 0.0 0.0    
0.0 0.0 0.0    0.0 0.0 0.0    0.0 0.0 0.0    0.0 0.0 0.0    0.0 0.0 0.0    |   0.0 0.0 0.0    0.0 0.0 0.0    0.0 0.0 0.0    0.0 0.0 0.0    0.0 0.0 0.0    

0.0 0.0 0.0    0.0 0.0 0.0    0.0 0.0 0.0    0.0 0.0 0.0    0.0 0.0 0.0    |   0.0 0.0 0.0    0.0 0.0 0.0    0.0 0.0 0.0    0.0 0.0 0.0    0.0 0.0 0.0    
0.0 0.0 0.0    0.0 0.0 0.0    0.0 1.0 0.0    0.0 0.0 0.0    0.0 0.0 0.0    |   0.0 0.0 0.0    0.0 0.0 0.0    0.0 0.0 0.0    0.0 0.0 0.0    0.0 0.0 0.0    
0.0 0.0 0.0    0.0 0.0 0.0    0.0 0.0 0.0    0.0 0.0 0.0    0.0 0.0 0.0    |   0.0 0.0 0.0    0.0 0.0 0.0    0.0 0.0 0.0    0.0 0.0 0.0    0.0 0.0 0.0    

0.0 0.0 0.0    0.0 0.0 0.0    0.0 0.0 0.0    0.0 0.0 0.0    0.0 0.0 0.0    |   0.0 0.0 0.0    0.0 0.0 0.0    0.0 0.0 0.0    0.0 0.0 0.0    0.0 0.0 0.0    
0.0 0.0 0.0    0.0 0.0 0.0    0.0 0.0 0.0    0.0 0.0 0.0    0.0 0.0 0.0    |   0.0 0.0 0.0    0.0 0.0 0.0    0.0 0.0 0.0    0.0 0.0 0.0    0.0 0.0 0.0    
0.0 0.0 0.0    0.0 0.0 0.0    0.0 0.0 0.0    0.0 0.0 0.0    0.0 0.0 0.0    |   0.0 0.0 0.0    0.0 0.0 0.0    0.0 0.0 0.0    0.0 0.0 0.0    0.0 0.0 0.0    

0.0 0.0 0.0    0.0 0.0 0.0    0.0 0.0 0.0    0.0 0.0 0.0    0.0 0.0 0.0    |   0.0 0.0 0.0    0.0 0.0 0.0    0.0 0.0 0.0    0.0 0.0 0.0    0.0 0.0 0.0    
0.0 0.0 0.0    0.0 0.0 0.0    0.0 0.0 0.0    0.0 0.0 0.0    0.0 0.0 0.0    |   0.0 0.0 0.0    0.0 0.0 0.0    0.0 0.0 0.0    0.0 0.0 0.0    0.0 0.0 0.0    
0.0 0.0 0.0    0.0 0.0 0.0    0.0 0.0 0.0    0.0 0.0 0.0    0.0 0.0 0.0    |   0.0 0.0 0.0    0.0 0.0 0.0    0.0 0.0 0.0    0.0 0.0 0.0    0.0 0.0 0.0    

Streaming moved value on : 
- fout[4,2,2] to fin[4,2,2]

-------------------------------------------------------------------------------------------------------------------------

Iteration : 2

After Collision, Before Streaming

0.0 0.0 0.0    0.0 0.0 0.0    0.0 0.0 0.0    0.0 0.0 0.0    0.0 0.0 0.0    |   0.0 0.0 0.0    0.0 0.0 0.0    0.0 0.0 0.0    0.0 0.0 0.0    0.0 0.0 0.0    
0.0 0.0 0.0    0.0 0.0 0.0    0.0 0.0 0.0    0.0 0.0 0.0    0.0 0.0 0.0    |   0.0 0.0 0.0    0.0 0.0 0.0    0.0 0.0 0.0    0.0 0.0 0.0    0.0 0.0 0.0    
0.0 0.0 0.0    0.0 0.0 0.0    0.0 0.0 0.0    0.0 0.0 0.0    0.0 0.0 0.0    |   0.0 0.0 0.0    0.0 0.0 0.0    0.0 0.0 0.0    0.0 0.0 0.0    0.0 0.0 0.0    

0.0 0.0 0.0    0.0 0.0 0.0    0.0 0.0 0.0    0.0 0.0 0.0    0.0 0.0 0.0    |   0.0 0.0 0.0    0.0 0.0 0.0    0.0 0.0 0.0    0.0 0.0 0.0    0.0 0.0 0.0    
0.0 0.0 0.0    0.0 0.0 0.0    0.0 0.0 0.0    0.0 0.0 0.0    0.0 0.0 0.0    |   0.0 0.0 0.0    0.0 0.0 0.0    0.0 1.0 0.0    0.0 0.0 0.0    0.0 0.0 0.0    
0.0 0.0 0.0    0.0 0.0 0.0    0.0 0.0 0.0    0.0 0.0 0.0    0.0 0.0 0.0    |   0.0 0.0 0.0    0.0 0.0 0.0    0.0 0.0 0.0    0.0 0.0 0.0    0.0 0.0 0.0    

0.0 0.0 0.0    0.0 0.0 0.0    0.0 0.0 0.0    0.0 0.0 0.0    0.0 0.0 0.0    |   0.0 0.0 0.0    0.0 0.0 0.0    0.0 0.0 0.0    0.0 0.0 0.0    0.0 0.0 0.0    
0.0 0.0 0.0    0.0 0.0 0.0    0.0 0.0 0.0    0.0 0.0 0.0    0.0 0.0 0.0    |   0.0 0.0 0.0    0.0 0.0 0.0    0.0 0.0 0.0    0.0 0.0 0.0    0.0 0.0 0.0    
0.0 0.0 0.0    0.0 0.0 0.0    0.0 0.0 0.0    0.0 0.0 0.0    0.0 0.0 0.0    |   0.0 0.0 0.0    0.0 0.0 0.0    0.0 0.0 0.0    0.0 0.0 0.0    0.0 0.0 0.0    

0.0 0.0 0.0    0.0 0.0 0.0    0.0 0.0 0.0    0.0 0.0 0.0    0.0 0.0 0.0    |   0.0 0.0 0.0    0.0 0.0 0.0    0.0 0.0 0.0    0.0 0.0 0.0    0.0 0.0 0.0    
0.0 0.0 0.0    0.0 0.0 0.0    0.0 0.0 0.0    0.0 0.0 0.0    0.0 0.0 0.0    |   0.0 0.0 0.0    0.0 0.0 0.0    0.0 0.0 0.0    0.0 0.0 0.0    0.0 0.0 0.0    
0.0 0.0 0.0    0.0 0.0 0.0    0.0 0.0 0.0    0.0 0.0 0.0    0.0 0.0 0.0    |   0.0 0.0 0.0    0.0 0.0 0.0    0.0 0.0 0.0    0.0 0.0 0.0    0.0 0.0 0.0    

No bounceback

After Streaming, Before Collision

0.0 0.0 0.0    0.0 0.0 0.0    0.0 0.0 0.0    0.0 0.0 0.0    0.0 0.0 0.0    |   0.0 0.0 0.0    0.0 0.0 0.0    0.0 0.0 0.0    0.0 0.0 0.0    0.0 0.0 0.0    
0.0 0.0 0.0    0.0 0.0 0.0    0.0 0.0 0.0    0.0 0.0 0.0    0.0 0.0 0.0    |   0.0 0.0 0.0    0.0 0.0 0.0    0.0 0.0 0.0    0.0 0.0 0.0    0.0 0.0 0.0    
0.0 0.0 0.0    0.0 0.0 0.0    0.0 0.0 0.0    0.0 0.0 0.0    0.0 0.0 0.0    |   0.0 0.0 0.0    0.0 0.0 0.0    0.0 0.0 0.0    0.0 0.0 0.0    0.0 0.0 0.0    

0.0 0.0 0.0    0.0 0.0 0.0    0.0 0.0 0.0    0.0 0.0 0.0    0.0 0.0 0.0    |   0.0 0.0 0.0    0.0 0.0 0.0    0.0 0.0 0.0    0.0 0.0 0.0    0.0 0.0 0.0    
0.0 0.0 0.0    0.0 0.0 0.0    0.0 1.0 0.0    0.0 0.0 0.0    0.0 0.0 0.0    |   0.0 0.0 0.0    0.0 0.0 0.0    0.0 0.0 0.0    0.0 0.0 0.0    0.0 0.0 0.0    
0.0 0.0 0.0    0.0 0.0 0.0    0.0 0.0 0.0    0.0 0.0 0.0    0.0 0.0 0.0    |   0.0 0.0 0.0    0.0 0.0 0.0    0.0 0.0 0.0    0.0 0.0 0.0    0.0 0.0 0.0    

0.0 0.0 0.0    0.0 0.0 0.0    0.0 0.0 0.0    0.0 0.0 0.0    0.0 0.0 0.0    |   0.0 0.0 0.0    0.0 0.0 0.0    0.0 0.0 0.0    0.0 0.0 0.0    0.0 0.0 0.0    
0.0 0.0 0.0    0.0 0.0 0.0    0.0 0.0 0.0    0.0 0.0 0.0    0.0 0.0 0.0    |   0.0 0.0 0.0    0.0 0.0 0.0    0.0 0.0 0.0    0.0 0.0 0.0    0.0 0.0 0.0    
0.0 0.0 0.0    0.0 0.0 0.0    0.0 0.0 0.0    0.0 0.0 0.0    0.0 0.0 0.0    |   0.0 0.0 0.0    0.0 0.0 0.0    0.0 0.0 0.0    0.0 0.0 0.0    0.0 0.0 0.0    

0.0 0.0 0.0    0.0 0.0 0.0    0.0 0.0 0.0    0.0 0.0 0.0    0.0 0.0 0.0    |   0.0 0.0 0.0    0.0 0.0 0.0    0.0 0.0 0.0    0.0 0.0 0.0    0.0 0.0 0.0    
0.0 0.0 0.0    0.0 0.0 0.0    0.0 0.0 0.0    0.0 0.0 0.0    0.0 0.0 0.0    |   0.0 0.0 0.0    0.0 0.0 0.0    0.0 0.0 0.0    0.0 0.0 0.0    0.0 0.0 0.0    
0.0 0.0 0.0    0.0 0.0 0.0    0.0 0.0 0.0    0.0 0.0 0.0    0.0 0.0 0.0    |   0.0 0.0 0.0    0.0 0.0 0.0    0.0 0.0 0.0    0.0 0.0 0.0    0.0 0.0 0.0    

Streaming moved value on : 
- fout[4,2,2] to fin[4,2,2]

-------------------------------------------------------------------------------------------------------------------------

Iteration : 3

After Collision, Before Streaming

0.0 0.0 0.0    0.0 0.0 0.0    0.0 0.0 0.0    0.0 0.0 0.0    0.0 0.0 0.0    |   0.0 0.0 0.0    0.0 0.0 0.0    0.0 0.0 0.0    0.0 0.0 0.0    0.0 0.0 0.0    
0.0 0.0 0.0    0.0 0.0 0.0    0.0 0.0 0.0    0.0 0.0 0.0    0.0 0.0 0.0    |   0.0 0.0 0.0    0.0 0.0 0.0    0.0 0.0 0.0    0.0 0.0 0.0    0.0 0.0 0.0    
0.0 0.0 0.0    0.0 0.0 0.0    0.0 0.0 0.0    0.0 0.0 0.0    0.0 0.0 0.0    |   0.0 0.0 0.0    0.0 0.0 0.0    0.0 0.0 0.0    0.0 0.0 0.0    0.0 0.0 0.0    

0.0 0.0 0.0    0.0 0.0 0.0    0.0 0.0 0.0    0.0 0.0 0.0    0.0 0.0 0.0    |   0.0 0.0 0.0    0.0 0.0 0.0    0.0 0.0 0.0    0.0 0.0 0.0    0.0 0.0 0.0    
0.0 0.0 0.0    0.0 0.0 0.0    0.0 0.0 0.0    0.0 0.0 0.0    0.0 0.0 0.0    |   0.0 0.0 0.0    0.0 0.0 0.0    0.0 1.0 0.0    0.0 0.0 0.0    0.0 0.0 0.0    
0.0 0.0 0.0    0.0 0.0 0.0    0.0 0.0 0.0    0.0 0.0 0.0    0.0 0.0 0.0    |   0.0 0.0 0.0    0.0 0.0 0.0    0.0 0.0 0.0    0.0 0.0 0.0    0.0 0.0 0.0    

0.0 0.0 0.0    0.0 0.0 0.0    0.0 0.0 0.0    0.0 0.0 0.0    0.0 0.0 0.0    |   0.0 0.0 0.0    0.0 0.0 0.0    0.0 0.0 0.0    0.0 0.0 0.0    0.0 0.0 0.0    
0.0 0.0 0.0    0.0 0.0 0.0    0.0 0.0 0.0    0.0 0.0 0.0    0.0 0.0 0.0    |   0.0 0.0 0.0    0.0 0.0 0.0    0.0 0.0 0.0    0.0 0.0 0.0    0.0 0.0 0.0    
0.0 0.0 0.0    0.0 0.0 0.0    0.0 0.0 0.0    0.0 0.0 0.0    0.0 0.0 0.0    |   0.0 0.0 0.0    0.0 0.0 0.0    0.0 0.0 0.0    0.0 0.0 0.0    0.0 0.0 0.0    

0.0 0.0 0.0    0.0 0.0 0.0    0.0 0.0 0.0    0.0 0.0 0.0    0.0 0.0 0.0    |   0.0 0.0 0.0    0.0 0.0 0.0    0.0 0.0 0.0    0.0 0.0 0.0    0.0 0.0 0.0    
0.0 0.0 0.0    0.0 0.0 0.0    0.0 0.0 0.0    0.0 0.0 0.0    0.0 0.0 0.0    |   0.0 0.0 0.0    0.0 0.0 0.0    0.0 0.0 0.0    0.0 0.0 0.0    0.0 0.0 0.0    
0.0 0.0 0.0    0.0 0.0 0.0    0.0 0.0 0.0    0.0 0.0 0.0    0.0 0.0 0.0    |   0.0 0.0 0.0    0.0 0.0 0.0    0.0 0.0 0.0    0.0 0.0 0.0    0.0 0.0 0.0    

No bounceback

After Streaming, Before Collision

0.0 0.0 0.0    0.0 0.0 0.0    0.0 0.0 0.0    0.0 0.0 0.0    0.0 0.0 0.0    |   0.0 0.0 0.0    0.0 0.0 0.0    0.0 0.0 0.0    0.0 0.0 0.0    0.0 0.0 0.0    
0.0 0.0 0.0    0.0 0.0 0.0    0.0 0.0 0.0    0.0 0.0 0.0    0.0 0.0 0.0    |   0.0 0.0 0.0    0.0 0.0 0.0    0.0 0.0 0.0    0.0 0.0 0.0    0.0 0.0 0.0    
0.0 0.0 0.0    0.0 0.0 0.0    0.0 0.0 0.0    0.0 0.0 0.0    0.0 0.0 0.0    |   0.0 0.0 0.0    0.0 0.0 0.0    0.0 0.0 0.0    0.0 0.0 0.0    0.0 0.0 0.0    

0.0 0.0 0.0    0.0 0.0 0.0    0.0 0.0 0.0    0.0 0.0 0.0    0.0 0.0 0.0    |   0.0 0.0 0.0    0.0 0.0 0.0    0.0 0.0 0.0    0.0 0.0 0.0    0.0 0.0 0.0    
0.0 0.0 0.0    0.0 0.0 0.0    0.0 1.0 0.0    0.0 0.0 0.0    0.0 0.0 0.0    |   0.0 0.0 0.0    0.0 0.0 0.0    0.0 0.0 0.0    0.0 0.0 0.0    0.0 0.0 0.0    
0.0 0.0 0.0    0.0 0.0 0.0    0.0 0.0 0.0    0.0 0.0 0.0    0.0 0.0 0.0    |   0.0 0.0 0.0    0.0 0.0 0.0    0.0 0.0 0.0    0.0 0.0 0.0    0.0 0.0 0.0    

0.0 0.0 0.0    0.0 0.0 0.0    0.0 0.0 0.0    0.0 0.0 0.0    0.0 0.0 0.0    |   0.0 0.0 0.0    0.0 0.0 0.0    0.0 0.0 0.0    0.0 0.0 0.0    0.0 0.0 0.0    
0.0 0.0 0.0    0.0 0.0 0.0    0.0 0.0 0.0    0.0 0.0 0.0    0.0 0.0 0.0    |   0.0 0.0 0.0    0.0 0.0 0.0    0.0 0.0 0.0    0.0 0.0 0.0    0.0 0.0 0.0    
0.0 0.0 0.0    0.0 0.0 0.0    0.0 0.0 0.0    0.0 0.0 0.0    0.0 0.0 0.0    |   0.0 0.0 0.0    0.0 0.0 0.0    0.0 0.0 0.0    0.0 0.0 0.0    0.0 0.0 0.0    

0.0 0.0 0.0    0.0 0.0 0.0    0.0 0.0 0.0    0.0 0.0 0.0    0.0 0.0 0.0    |   0.0 0.0 0.0    0.0 0.0 0.0    0.0 0.0 0.0    0.0 0.0 0.0    0.0 0.0 0.0    
0.0 0.0 0.0    0.0 0.0 0.0    0.0 0.0 0.0    0.0 0.0 0.0    0.0 0.0 0.0    |   0.0 0.0 0.0    0.0 0.0 0.0    0.0 0.0 0.0    0.0 0.0 0.0    0.0 0.0 0.0    
0.0 0.0 0.0    0.0 0.0 0.0    0.0 0.0 0.0    0.0 0.0 0.0    0.0 0.0 0.0    |   0.0 0.0 0.0    0.0 0.0 0.0    0.0 0.0 0.0    0.0 0.0 0.0    0.0 0.0 0.0    

Streaming moved value on : 
- fout[4,2,2] to fin[4,2,2]

-------------------------------------------------------------------------------------------------------------------------

Iteration : 4

After Collision, Before Streaming

0.0 0.0 0.0    0.0 0.0 0.0    0.0 0.0 0.0    0.0 0.0 0.0    0.0 0.0 0.0    |   0.0 0.0 0.0    0.0 0.0 0.0    0.0 0.0 0.0    0.0 0.0 0.0    0.0 0.0 0.0    
0.0 0.0 0.0    0.0 0.0 0.0    0.0 0.0 0.0    0.0 0.0 0.0    0.0 0.0 0.0    |   0.0 0.0 0.0    0.0 0.0 0.0    0.0 0.0 0.0    0.0 0.0 0.0    0.0 0.0 0.0    
0.0 0.0 0.0    0.0 0.0 0.0    0.0 0.0 0.0    0.0 0.0 0.0    0.0 0.0 0.0    |   0.0 0.0 0.0    0.0 0.0 0.0    0.0 0.0 0.0    0.0 0.0 0.0    0.0 0.0 0.0    

0.0 0.0 0.0    0.0 0.0 0.0    0.0 0.0 0.0    0.0 0.0 0.0    0.0 0.0 0.0    |   0.0 0.0 0.0    0.0 0.0 0.0    0.0 0.0 0.0    0.0 0.0 0.0    0.0 0.0 0.0    
0.0 0.0 0.0    0.0 0.0 0.0    0.0 0.0 0.0    0.0 0.0 0.0    0.0 0.0 0.0    |   0.0 0.0 0.0    0.0 0.0 0.0    0.0 1.0 0.0    0.0 0.0 0.0    0.0 0.0 0.0    
0.0 0.0 0.0    0.0 0.0 0.0    0.0 0.0 0.0    0.0 0.0 0.0    0.0 0.0 0.0    |   0.0 0.0 0.0    0.0 0.0 0.0    0.0 0.0 0.0    0.0 0.0 0.0    0.0 0.0 0.0    

0.0 0.0 0.0    0.0 0.0 0.0    0.0 0.0 0.0    0.0 0.0 0.0    0.0 0.0 0.0    |   0.0 0.0 0.0    0.0 0.0 0.0    0.0 0.0 0.0    0.0 0.0 0.0    0.0 0.0 0.0    
0.0 0.0 0.0    0.0 0.0 0.0    0.0 0.0 0.0    0.0 0.0 0.0    0.0 0.0 0.0    |   0.0 0.0 0.0    0.0 0.0 0.0    0.0 0.0 0.0    0.0 0.0 0.0    0.0 0.0 0.0    
0.0 0.0 0.0    0.0 0.0 0.0    0.0 0.0 0.0    0.0 0.0 0.0    0.0 0.0 0.0    |   0.0 0.0 0.0    0.0 0.0 0.0    0.0 0.0 0.0    0.0 0.0 0.0    0.0 0.0 0.0    

0.0 0.0 0.0    0.0 0.0 0.0    0.0 0.0 0.0    0.0 0.0 0.0    0.0 0.0 0.0    |   0.0 0.0 0.0    0.0 0.0 0.0    0.0 0.0 0.0    0.0 0.0 0.0    0.0 0.0 0.0    
0.0 0.0 0.0    0.0 0.0 0.0    0.0 0.0 0.0    0.0 0.0 0.0    0.0 0.0 0.0    |   0.0 0.0 0.0    0.0 0.0 0.0    0.0 0.0 0.0    0.0 0.0 0.0    0.0 0.0 0.0    
0.0 0.0 0.0    0.0 0.0 0.0    0.0 0.0 0.0    0.0 0.0 0.0    0.0 0.0 0.0    |   0.0 0.0 0.0    0.0 0.0 0.0    0.0 0.0 0.0    0.0 0.0 0.0    0.0 0.0 0.0    

No bounceback

After Streaming, Before Collision

0.0 0.0 0.0    0.0 0.0 0.0    0.0 0.0 0.0    0.0 0.0 0.0    0.0 0.0 0.0    |   0.0 0.0 0.0    0.0 0.0 0.0    0.0 0.0 0.0    0.0 0.0 0.0    0.0 0.0 0.0    
0.0 0.0 0.0    0.0 0.0 0.0    0.0 0.0 0.0    0.0 0.0 0.0    0.0 0.0 0.0    |   0.0 0.0 0.0    0.0 0.0 0.0    0.0 0.0 0.0    0.0 0.0 0.0    0.0 0.0 0.0    
0.0 0.0 0.0    0.0 0.0 0.0    0.0 0.0 0.0    0.0 0.0 0.0    0.0 0.0 0.0    |   0.0 0.0 0.0    0.0 0.0 0.0    0.0 0.0 0.0    0.0 0.0 0.0    0.0 0.0 0.0    

0.0 0.0 0.0    0.0 0.0 0.0    0.0 0.0 0.0    0.0 0.0 0.0    0.0 0.0 0.0    |   0.0 0.0 0.0    0.0 0.0 0.0    0.0 0.0 0.0    0.0 0.0 0.0    0.0 0.0 0.0    
0.0 0.0 0.0    0.0 0.0 0.0    0.0 1.0 0.0    0.0 0.0 0.0    0.0 0.0 0.0    |   0.0 0.0 0.0    0.0 0.0 0.0    0.0 0.0 0.0    0.0 0.0 0.0    0.0 0.0 0.0    
0.0 0.0 0.0    0.0 0.0 0.0    0.0 0.0 0.0    0.0 0.0 0.0    0.0 0.0 0.0    |   0.0 0.0 0.0    0.0 0.0 0.0    0.0 0.0 0.0    0.0 0.0 0.0    0.0 0.0 0.0    

0.0 0.0 0.0    0.0 0.0 0.0    0.0 0.0 0.0    0.0 0.0 0.0    0.0 0.0 0.0    |   0.0 0.0 0.0    0.0 0.0 0.0    0.0 0.0 0.0    0.0 0.0 0.0    0.0 0.0 0.0    
0.0 0.0 0.0    0.0 0.0 0.0    0.0 0.0 0.0    0.0 0.0 0.0    0.0 0.0 0.0    |   0.0 0.0 0.0    0.0 0.0 0.0    0.0 0.0 0.0    0.0 0.0 0.0    0.0 0.0 0.0    
0.0 0.0 0.0    0.0 0.0 0.0    0.0 0.0 0.0    0.0 0.0 0.0    0.0 0.0 0.0    |   0.0 0.0 0.0    0.0 0.0 0.0    0.0 0.0 0.0    0.0 0.0 0.0    0.0 0.0 0.0    

0.0 0.0 0.0    0.0 0.0 0.0    0.0 0.0 0.0    0.0 0.0 0.0    0.0 0.0 0.0    |   0.0 0.0 0.0    0.0 0.0 0.0    0.0 0.0 0.0    0.0 0.0 0.0    0.0 0.0 0.0    
0.0 0.0 0.0    0.0 0.0 0.0    0.0 0.0 0.0    0.0 0.0 0.0    0.0 0.0 0.0    |   0.0 0.0 0.0    0.0 0.0 0.0    0.0 0.0 0.0    0.0 0.0 0.0    0.0 0.0 0.0    
0.0 0.0 0.0    0.0 0.0 0.0    0.0 0.0 0.0    0.0 0.0 0.0    0.0 0.0 0.0    |   0.0 0.0 0.0    0.0 0.0 0.0    0.0 0.0 0.0    0.0 0.0 0.0    0.0 0.0 0.0    

Streaming moved value on : 
- fout[4,2,2] to fin[4,2,2]
