Node : [130,50], maxiter = 5000

Fin | Fout    Horizontal Velocity  Vertical velocity

2 5 8 | 6 3 0       u[0]      u[1]
1 4 7 | 7 4 1 
0 3 6 | 8 5 2 

-----------------------------------------------------------------------------
iteration : 0

0.02778 0.11111 0.02778 | 0.02778 0.11111 0.02778       0.00000      0.00000
0.11111 0.44444 0.11111 | 0.11111 0.44444 0.11111 
0.02778 0.11111 0.02778 | 0.02778 0.11111 0.02778 

---------------------------------------------------------------------------
iteration : 1

0.02778 0.11111 0.02778 | 0.02778 0.11111 0.02778       -0.00000      0.00000
0.11111 0.44444 0.11111 | 0.11111 0.44444 0.11111 
0.02778 0.11111 0.02778 | 0.02778 0.11111 0.02778 

---------------------------------------------------------------------------
iteration : 2

0.02778 0.11111 0.02778 | 0.02778 0.11111 0.02778       -0.00000      0.00000
0.11111 0.44444 0.11111 | 0.11111 0.44444 0.11111 
0.02778 0.11111 0.02778 | 0.02778 0.11111 0.02778 

---------------------------------------------------------------------------
iteration : 3

0.02778 0.11111 0.02778 | 0.02778 0.11111 0.02778       -0.00000      0.00000
0.11111 0.44444 0.11111 | 0.11111 0.44444 0.11111 
0.02778 0.11111 0.02778 | 0.02778 0.11111 0.02778 

---------------------------------------------------------------------------
iteration : 4

0.02778 0.11111 0.02778 | 0.02778 0.11111 0.02778       -0.00000      0.00000
0.11111 0.44444 0.11111 | 0.11111 0.44444 0.11111 
0.02778 0.11111 0.02778 | 0.02778 0.11111 0.02778 

---------------------------------------------------------------------------
iteration : 5

0.02778 0.11111 0.02778 | 0.02778 0.11111 0.02778       -0.00000      0.00000
0.11111 0.44444 0.11111 | 0.11111 0.44444 0.11111 
0.02778 0.11111 0.02778 | 0.02778 0.11111 0.02778 

---------------------------------------------------------------------------
iteration : 6

0.02778 0.11111 0.02778 | 0.02778 0.11111 0.02778       -0.00000      0.00000
0.11111 0.44444 0.11111 | 0.11111 0.44444 0.11111 
0.02778 0.11111 0.02778 | 0.02778 0.11111 0.02778 

---------------------------------------------------------------------------
iteration : 7

0.02778 0.11111 0.02778 | 0.02778 0.11111 0.02778       -0.00000      0.00000
0.11111 0.44444 0.11111 | 0.11111 0.44444 0.11111 
0.02778 0.11111 0.02778 | 0.02778 0.11111 0.02778 

---------------------------------------------------------------------------
iteration : 8

0.02778 0.11111 0.02778 | 0.02778 0.11111 0.02778       -0.00000      0.00000
0.11111 0.44444 0.11111 | 0.11111 0.44444 0.11111 
0.02778 0.11111 0.02778 | 0.02778 0.11111 0.02778 

---------------------------------------------------------------------------
iteration : 9

0.02778 0.11111 0.02778 | 0.02778 0.11111 0.02778       -0.00000      0.00000
0.11111 0.44444 0.11111 | 0.11111 0.44444 0.11111 
0.02778 0.11111 0.02778 | 0.02778 0.11111 0.02778 

---------------------------------------------------------------------------
iteration : 10

0.02778 0.11111 0.02778 | 0.02778 0.11111 0.02778       -0.00000      0.00000
0.11111 0.44444 0.11111 | 0.11111 0.44444 0.11111 
0.02778 0.11111 0.02778 | 0.02778 0.11111 0.02778 

---------------------------------------------------------------------------
iteration : 11

0.02778 0.11111 0.02778 | 0.02778 0.11111 0.02778       -0.00000      0.00000
0.11111 0.44444 0.11111 | 0.11111 0.44444 0.11111 
0.02778 0.11111 0.02778 | 0.02778 0.11111 0.02778 

---------------------------------------------------------------------------
iteration : 12

0.02778 0.11111 0.02778 | 0.02778 0.11111 0.02778       -0.00000      0.00000
0.11111 0.44444 0.11111 | 0.11111 0.44444 0.11111 
0.02778 0.11111 0.02778 | 0.02778 0.11111 0.02778 

---------------------------------------------------------------------------
iteration : 13

0.02778 0.11111 0.02778 | 0.02778 0.11111 0.02778       -0.00000      0.00000
0.11111 0.44444 0.11111 | 0.11111 0.44444 0.11111 
0.02778 0.11111 0.02778 | 0.02778 0.11111 0.02778 

---------------------------------------------------------------------------
iteration : 14

0.02778 0.11111 0.02778 | 0.02778 0.11111 0.02778       -0.00000      0.00000
0.11111 0.44444 0.11111 | 0.11111 0.44444 0.11111 
0.02778 0.11111 0.02778 | 0.02778 0.11111 0.02778 

---------------------------------------------------------------------------
iteration : 15

0.02778 0.11111 0.02778 | 0.02778 0.11111 0.02778       -0.00000      0.00000
0.11111 0.44444 0.11111 | 0.11111 0.44444 0.11111 
0.02778 0.11111 0.02778 | 0.02778 0.11111 0.02778 

---------------------------------------------------------------------------
