Directions for fin :                      Directions for Fout : 

2 5 8    2 5 8    2 5 8    2 5 8    |   6 3 0    6 3 0    6 3 0    6 3 0    
1 4 7    1 4 7    1 4 7    1 4 7    |   7 4 1    7 4 1    7 4 1    7 4 1    
0 3 5    0 3 5    0 3 5    0 3 5    |   8 5 2    8 5 2    8 5 2    8 5 2    

2 5 8    2 5 8    2 5 8    2 5 8    |   6 3 0    6 3 0    6 3 0    6 3 0    
1 4 7    1 4 7    1 4 7    1 4 7    |   7 4 1    7 4 1    7 4 1    7 4 1    
0 3 5    0 3 5    0 3 5    0 3 5    |   8 5 2    8 5 2    8 5 2    8 5 2    

2 5 8    2 5 8    2 5 8    2 5 8    |   6 3 0    6 3 0    6 3 0    6 3 0    
1 4 7    1 4 7    1 4 7    1 4 7    |   7 4 1    7 4 1    7 4 1    7 4 1    
0 3 5    0 3 5    0 3 5    0 3 5    |   8 5 2    8 5 2    8 5 2    8 5 2    

--------------------------------------------------------------------------

Iteration : 0

After Streaming, Before Collision

1.0 0.0 0.0    0.0 0.0 0.0    0.0 0.0 0.0    0.0 0.0 0.0    |   0.0 0.0 0.0    0.0 0.0 0.0    0.0 0.0 0.0    0.0 0.0 0.0    
0.0 0.0 0.0    0.0 0.0 0.0    0.0 0.0 0.0    0.0 0.0 0.0    |   0.0 0.0 0.0    0.0 0.0 0.0    0.0 0.0 0.0    0.0 0.0 0.0    
0.0 0.0 0.0    0.0 0.0 0.0    0.0 0.0 0.0    0.0 0.0 0.0    |   0.0 0.0 1.0    0.0 0.0 0.0    0.0 0.0 0.0    0.0 0.0 0.0    

0.0 0.0 0.0    0.0 0.0 0.0    0.0 0.0 0.0    0.0 0.0 0.0    |   0.0 0.0 0.0    0.0 0.0 0.0    0.0 0.0 0.0    0.0 0.0 0.0    
0.0 0.0 0.0    0.0 0.0 0.0    0.0 0.0 0.0    0.0 0.0 0.0    |   0.0 0.0 0.0    0.0 0.0 0.0    0.0 0.0 0.0    0.0 0.0 0.0    
0.0 0.0 0.0    0.0 0.0 0.0    0.0 0.0 0.0    0.0 0.0 0.0    |   0.0 0.0 0.0    0.0 0.0 0.0    0.0 0.0 0.0    0.0 0.0 0.0    

0.0 0.0 0.0    0.0 0.0 0.0    0.0 0.0 0.0    0.0 0.0 0.0    |   0.0 0.0 0.0    0.0 0.0 0.0    0.0 0.0 0.0    0.0 0.0 0.0    
0.0 0.0 0.0    0.0 0.0 0.0    0.0 0.0 0.0    0.0 0.0 0.0    |   0.0 0.0 0.0    0.0 0.0 0.0    0.0 0.0 0.0    0.0 0.0 0.0    
0.0 0.0 0.0    0.0 0.0 0.0    0.0 0.0 0.0    0.0 0.0 0.0    |   0.0 0.0 0.0    0.0 0.0 0.0    0.0 0.0 0.0    0.0 0.0 0.0    

After Collision

0.0 0.0 0.0    0.0 0.0 0.0    0.0 0.0 0.0    0.0 0.0 0.0    |   0.0 0.0 0.0    0.0 0.0 0.0    0.0 0.0 0.0    0.0 0.0 0.0    
0.0 0.0 0.0    0.0 0.0 0.0    0.0 0.0 0.0    0.0 0.0 0.0    |   0.0 0.0 0.0    0.0 0.0 0.0    0.0 0.0 0.0    0.0 0.0 0.0    
0.0 0.0 0.0    0.0 0.0 0.0    0.0 0.0 0.0    0.0 0.0 0.0    |   0.0 0.0 0.0    0.0 0.0 0.0    0.0 0.0 0.0    0.0 0.0 0.0    

0.0 0.0 0.0    0.0 0.0 0.0    0.0 0.0 0.0    0.0 0.0 0.0    |   0.0 0.0 0.0    0.0 0.0 0.0    0.0 0.0 0.0    0.0 0.0 0.0    
0.0 0.0 0.0    0.0 0.0 0.0    0.0 0.0 0.0    0.0 0.0 0.0    |   0.0 0.0 0.0    0.0 0.0 0.0    0.0 0.0 0.0    0.0 0.0 0.0    
0.0 0.0 0.0    0.0 0.0 0.0    0.0 0.0 0.0    0.0 0.0 0.0    |   0.0 0.0 0.0    0.0 0.0 0.0    0.0 0.0 0.0    0.0 0.0 0.0    

0.0 0.0 0.0    0.0 0.0 0.0    0.0 0.0 0.0    0.0 0.0 0.0    |   0.0 0.0 0.0    0.0 0.0 0.0    0.0 0.0 0.0    0.0 0.0 0.0    
0.0 0.0 0.0    0.0 0.0 0.0    0.0 0.0 0.0    0.0 0.0 0.0    |   0.0 0.0 0.0    0.0 0.0 0.0    0.0 0.0 0.0    0.0 0.0 0.0    
0.0 0.0 0.0    0.0 0.0 0.0    0.0 0.0 0.0    0.0 0.0 0.0    |   0.0 0.0 0.0    0.0 0.0 0.0    0.0 0.0 0.0    0.0 0.0 0.0    
