Node : [6,2], maxiter = 100

Fin | Fout    Horizontal Velocity  Vertical velocity

2 5 8 | 6 3 0       u[0]      u[1]
1 4 7 | 7 4 1 
0 3 6 | 8 5 2 

-----------------------------------------------------------------------------
iteration : 0

0.02778 0.11111 0.02535 | 0.02778 0.11111 0.02778       0.00000      0.00000
0.11111 0.44444 0.09831 | 0.11111 0.44444 0.11111 
0.02778 0.11111 0.02535 | 0.02778 0.11111 0.02778 

---------------------------------------------------------------------------
iteration : 1

0.02778 0.11111 0.02481 | 0.02778 0.11111 0.02778       -0.00000      0.00000
0.11111 0.44444 0.09532 | 0.11111 0.44444 0.11111 
0.02778 0.11111 0.02481 | 0.02778 0.11111 0.02778 

---------------------------------------------------------------------------
iteration : 2

0.02778 0.11111 0.02382 | 0.02778 0.11111 0.02778       -0.00000      -0.00000
0.11111 0.44444 0.10502 | 0.11111 0.44444 0.11111 
0.02778 0.11111 0.02382 | 0.02778 0.11111 0.02778 

---------------------------------------------------------------------------
iteration : 3

0.02778 0.11111 0.02479 | 0.02778 0.11111 0.02778       -0.00000      -0.00000
0.11111 0.44444 0.10398 | 0.11111 0.44444 0.11111 
0.02778 0.11111 0.02479 | 0.02778 0.11111 0.02778 

---------------------------------------------------------------------------
iteration : 4

0.02778 0.11111 0.02541 | 0.02778 0.11111 0.02778       0.00000      0.00000
0.11111 0.44444 0.10800 | 0.11111 0.44444 0.11111 
0.02778 0.11111 0.02541 | 0.02778 0.11111 0.02778 

---------------------------------------------------------------------------
iteration : 5

0.02785 0.11111 0.02472 | 0.02778 0.11111 0.02778       0.00000      -0.00000
0.11116 0.44444 0.10468 | 0.11111 0.44444 0.11111 
0.02785 0.11111 0.02472 | 0.02778 0.11111 0.02778 

---------------------------------------------------------------------------
iteration : 6

0.02792 0.11112 0.02457 | 0.02776 0.11115 0.02776       0.00019      -0.00000
0.11161 0.44460 0.10487 | 0.11104 0.44460 0.11123 
0.02792 0.11112 0.02457 | 0.02776 0.11115 0.02776 

---------------------------------------------------------------------------
iteration : 7

0.02818 0.11121 0.02521 | 0.02769 0.11128 0.02784       0.00085      -0.00000
0.11237 0.44501 0.10355 | 0.11084 0.44501 0.11140 
0.02818 0.11121 0.02521 | 0.02769 0.11128 0.02784 

---------------------------------------------------------------------------
iteration : 8

0.02838 0.11131 0.02543 | 0.02757 0.11153 0.02794       0.00236      0.00000
0.11380 0.44599 0.10520 | 0.11042 0.44599 0.11203 
0.02838 0.11131 0.02543 | 0.02757 0.11153 0.02794 

---------------------------------------------------------------------------
iteration : 9

0.02878 0.11161 0.02507 | 0.02737 0.11196 0.02825       0.00461      -0.00000
0.11596 0.44725 0.10384 | 0.10992 0.44725 0.11278 
0.02878 0.11161 0.02507 | 0.02737 0.11196 0.02825 

---------------------------------------------------------------------------
iteration : 10

0.02909 0.11191 0.02501 | 0.02711 0.11252 0.02869       0.00824      -0.00000
0.11828 0.44947 0.10413 | 0.10897 0.44947 0.11412 
0.02909 0.11191 0.02501 | 0.02711 0.11252 0.02869 

---------------------------------------------------------------------------
iteration : 11

0.02950 0.11237 0.02532 | 0.02680 0.11319 0.02929       0.01213      -0.00000
0.12114 0.45136 0.10346 | 0.10832 0.45136 0.11565 
0.02950 0.11237 0.02532 | 0.02680 0.11319 0.02929 

---------------------------------------------------------------------------
iteration : 12

0.02992 0.11289 0.02545 | 0.02655 0.11388 0.02996       0.01673      -0.00000
0.12357 0.45402 0.10454 | 0.10716 0.45402 0.11739 
0.02992 0.11289 0.02545 | 0.02655 0.11388 0.02996 

---------------------------------------------------------------------------
iteration : 13

0.03033 0.11340 0.02552 | 0.02627 0.11450 0.03064       0.02129      -0.00000
0.12604 0.45604 0.10455 | 0.10642 0.45604 0.11950 
0.03033 0.11340 0.02552 | 0.02627 0.11450 0.03064 

---------------------------------------------------------------------------
iteration : 14

0.03073 0.11400 0.02569 | 0.02608 0.11504 0.03128       0.02561      -0.00000
0.12771 0.45823 0.10575 | 0.10542 0.45823 0.12141 
0.03073 0.11400 0.02569 | 0.02608 0.11504 0.03128 

---------------------------------------------------------------------------
iteration : 15

0.03109 0.11444 0.02585 | 0.02594 0.11536 0.03181       0.02938      -0.00000
0.12924 0.45969 0.10716 | 0.10481 0.45969 0.12347 
0.03109 0.11444 0.02585 | 0.02594 0.11536 0.03181 

---------------------------------------------------------------------------
iteration : 16

0.03134 0.11485 0.02592 | 0.02584 0.11565 0.03222       0.03249      -0.00000
0.13018 0.46108 0.10873 | 0.10412 0.46108 0.12506 
0.03134 0.11485 0.02592 | 0.02584 0.11565 0.03222 

---------------------------------------------------------------------------
iteration : 17

0.03154 0.11510 0.02594 | 0.02575 0.11581 0.03254       0.03474      0.00000
0.13110 0.46192 0.10941 | 0.10385 0.46192 0.12640 
0.03154 0.11510 0.02594 | 0.02575 0.11581 0.03254 

---------------------------------------------------------------------------
iteration : 18

0.03167 0.11529 0.02603 | 0.02568 0.11601 0.03278       0.03634      0.00000
0.13184 0.46288 0.11020 | 0.10354 0.46288 0.12723 
0.03167 0.11529 0.02603 | 0.02568 0.11601 0.03278 

---------------------------------------------------------------------------
iteration : 19

0.03177 0.11540 0.02617 | 0.02560 0.11624 0.03299       0.03753      0.00000
0.13275 0.46362 0.11051 | 0.10345 0.46362 0.12788 
0.03177 0.11540 0.02617 | 0.02560 0.11624 0.03299 

---------------------------------------------------------------------------
iteration : 20

0.03183 0.11548 0.02628 | 0.02552 0.11654 0.03319       0.03850      0.00000
0.13340 0.46457 0.11102 | 0.10332 0.46457 0.12828 
0.03183 0.11548 0.02628 | 0.02552 0.11654 0.03319 

---------------------------------------------------------------------------
iteration : 21

0.03192 0.11558 0.02637 | 0.02546 0.11683 0.03336       0.03922      0.00000
0.13418 0.46521 0.11117 | 0.10334 0.46521 0.12866 
0.03192 0.11558 0.02637 | 0.02546 0.11683 0.03336 

---------------------------------------------------------------------------
iteration : 22

0.03200 0.11575 0.02649 | 0.02543 0.11708 0.03354       0.04009      0.00000
0.13481 0.46604 0.11159 | 0.10314 0.46604 0.12904 
0.03200 0.11575 0.02649 | 0.02543 0.11708 0.03354 

---------------------------------------------------------------------------
iteration : 23

0.03212 0.11598 0.02662 | 0.02539 0.11726 0.03372       0.04102      -0.00000
0.13568 0.46665 0.11186 | 0.10306 0.46665 0.12955 
0.03212 0.11598 0.02662 | 0.02539 0.11726 0.03372 

---------------------------------------------------------------------------
iteration : 24

0.03224 0.11625 0.02669 | 0.02536 0.11744 0.03394       0.04219      -0.00000
0.13638 0.46761 0.11218 | 0.10280 0.46761 0.13010 
0.03224 0.11625 0.02669 | 0.02536 0.11744 0.03394 

---------------------------------------------------------------------------
iteration : 25

0.03240 0.11649 0.02674 | 0.02532 0.11761 0.03416       0.04335      -0.00000
0.13740 0.46838 0.11242 | 0.10270 0.46838 0.13081 
0.03240 0.11649 0.02674 | 0.02532 0.11761 0.03416 

---------------------------------------------------------------------------
iteration : 26

0.03256 0.11674 0.02686 | 0.02527 0.11785 0.03440       0.04470      0.00000
0.13821 0.46951 0.11284 | 0.10241 0.46951 0.13148 
0.03256 0.11674 0.02686 | 0.02527 0.11785 0.03440 

---------------------------------------------------------------------------
iteration : 27

0.03272 0.11692 0.02697 | 0.02521 0.11811 0.03463       0.04595      -0.00000
0.13909 0.47041 0.11321 | 0.10234 0.47041 0.13225 
0.03272 0.11692 0.02697 | 0.02521 0.11811 0.03463 

---------------------------------------------------------------------------
iteration : 28

0.03287 0.11712 0.02705 | 0.02517 0.11839 0.03484       0.04711      -0.00000
0.13973 0.47141 0.11377 | 0.10214 0.47141 0.13289 
0.03287 0.11712 0.02705 | 0.02517 0.11839 0.03484 

---------------------------------------------------------------------------
iteration : 29

0.03303 0.11732 0.02711 | 0.02513 0.11861 0.03502       0.04817      -0.00000
0.14051 0.47213 0.11434 | 0.10204 0.47213 0.13360 
0.03303 0.11732 0.02711 | 0.02513 0.11861 0.03502 

---------------------------------------------------------------------------
iteration : 30

0.03316 0.11754 0.02720 | 0.02510 0.11882 0.03520       0.04928      -0.00000
0.14116 0.47304 0.11494 | 0.10183 0.47304 0.13422 
0.03316 0.11754 0.02720 | 0.02510 0.11882 0.03520 

---------------------------------------------------------------------------
iteration : 31

0.03331 0.11776 0.02727 | 0.02506 0.11901 0.03539       0.05028      -0.00000
0.14197 0.47377 0.11541 | 0.10176 0.47377 0.13487 
0.03331 0.11776 0.02727 | 0.02506 0.11901 0.03539 

---------------------------------------------------------------------------
iteration : 32

0.03343 0.11799 0.02731 | 0.02503 0.11922 0.03558       0.05134      0.00000
0.14268 0.47475 0.11582 | 0.10157 0.47475 0.13547 
0.03343 0.11799 0.02731 | 0.02503 0.11922 0.03558 

---------------------------------------------------------------------------
iteration : 33

0.03356 0.11820 0.02739 | 0.02498 0.11945 0.03578       0.05231      0.00000
0.14348 0.47559 0.11614 | 0.10154 0.47559 0.13610 
0.03356 0.11820 0.02739 | 0.02498 0.11945 0.03578 

---------------------------------------------------------------------------
iteration : 34

0.03368 0.11840 0.02748 | 0.02495 0.11970 0.03598       0.05322      0.00000
0.14413 0.47660 0.11646 | 0.10143 0.47660 0.13664 
0.03368 0.11840 0.02748 | 0.02495 0.11970 0.03598 

---------------------------------------------------------------------------
iteration : 35

0.03382 0.11860 0.02755 | 0.02493 0.11994 0.03615       0.05406      0.00000
0.14488 0.47742 0.11678 | 0.10140 0.47742 0.13723 
0.03382 0.11860 0.02755 | 0.02493 0.11994 0.03615 

---------------------------------------------------------------------------
iteration : 36

0.03395 0.11882 0.02762 | 0.02491 0.12018 0.03633       0.05498      0.00000
0.14553 0.47836 0.11713 | 0.10126 0.47836 0.13780 
0.03395 0.11882 0.02762 | 0.02491 0.12018 0.03633 

---------------------------------------------------------------------------
iteration : 37

0.03409 0.11905 0.02769 | 0.02488 0.12040 0.03651       0.05586      0.00000
0.14625 0.47916 0.11747 | 0.10122 0.47916 0.13842 
0.03409 0.11905 0.02769 | 0.02488 0.12040 0.03651 

---------------------------------------------------------------------------
iteration : 38

0.03421 0.11928 0.02777 | 0.02487 0.12061 0.03669       0.05676      -0.00000
0.14688 0.48010 0.11784 | 0.10110 0.48010 0.13900 
0.03421 0.11928 0.02777 | 0.02487 0.12061 0.03669 

---------------------------------------------------------------------------
iteration : 39

0.03433 0.11951 0.02784 | 0.02485 0.12082 0.03687       0.05759      0.00000
0.14757 0.48092 0.11819 | 0.10107 0.48092 0.13960 
0.03433 0.11951 0.02784 | 0.02485 0.12082 0.03687 

---------------------------------------------------------------------------
iteration : 40

0.03444 0.11973 0.02791 | 0.02483 0.12104 0.03705       0.05838      -0.00000
0.14813 0.48186 0.11857 | 0.10100 0.48186 0.14013 
0.03444 0.11973 0.02791 | 0.02483 0.12104 0.03705 

---------------------------------------------------------------------------
iteration : 41

0.03455 0.11992 0.02798 | 0.02482 0.12125 0.03720       0.05902      0.00000
0.14869 0.48269 0.11893 | 0.10103 0.48269 0.14066 
0.03455 0.11992 0.02798 | 0.02482 0.12125 0.03720 

---------------------------------------------------------------------------
iteration : 42

0.03466 0.12012 0.02805 | 0.02482 0.12147 0.03734       0.05962      -0.00000
0.14921 0.48354 0.11933 | 0.10100 0.48354 0.14113 
0.03466 0.12012 0.02805 | 0.02482 0.12147 0.03734 

---------------------------------------------------------------------------
iteration : 43

0.03476 0.12032 0.02812 | 0.02482 0.12168 0.03748       0.06022      0.00000
0.14977 0.48431 0.11972 | 0.10100 0.48431 0.14161 
0.03476 0.12032 0.02812 | 0.02482 0.12168 0.03748 

---------------------------------------------------------------------------
iteration : 44

0.03486 0.12052 0.02819 | 0.02481 0.12189 0.03762       0.06081      -0.00000
0.15027 0.48515 0.12009 | 0.10098 0.48515 0.14206 
0.03486 0.12052 0.02819 | 0.02481 0.12189 0.03762 

---------------------------------------------------------------------------
iteration : 45

0.03496 0.12072 0.02825 | 0.02481 0.12209 0.03776       0.06134      -0.00000
0.15080 0.48593 0.12043 | 0.10101 0.48593 0.14252 
0.03496 0.12072 0.02825 | 0.02481 0.12209 0.03776 

---------------------------------------------------------------------------
iteration : 46

0.03506 0.12094 0.02832 | 0.02481 0.12229 0.03789       0.06186      -0.00000
0.15130 0.48678 0.12076 | 0.10101 0.48678 0.14295 
0.03506 0.12094 0.02832 | 0.02481 0.12229 0.03789 

---------------------------------------------------------------------------
iteration : 47

0.03515 0.12114 0.02838 | 0.02481 0.12250 0.03802       0.06235      -0.00000
0.15183 0.48760 0.12106 | 0.10106 0.48760 0.14339 
0.03515 0.12114 0.02838 | 0.02481 0.12250 0.03802 

---------------------------------------------------------------------------
iteration : 48

0.03525 0.12134 0.02845 | 0.02482 0.12271 0.03816       0.06282      -0.00000
0.15231 0.48848 0.12135 | 0.10108 0.48848 0.14381 
0.03525 0.12134 0.02845 | 0.02482 0.12271 0.03816 

---------------------------------------------------------------------------
iteration : 49

0.03535 0.12154 0.02851 | 0.02483 0.12293 0.03828       0.06328      0.00000
0.15283 0.48929 0.12164 | 0.10112 0.48929 0.14425 
0.03535 0.12154 0.02851 | 0.02483 0.12293 0.03828 

---------------------------------------------------------------------------
iteration : 50

0.03545 0.12175 0.02858 | 0.02483 0.12315 0.03841       0.06378      -0.00000
0.15332 0.49013 0.12194 | 0.10113 0.49013 0.14468 
0.03545 0.12175 0.02858 | 0.02483 0.12315 0.03841 

---------------------------------------------------------------------------
iteration : 51

0.03555 0.12196 0.02864 | 0.02484 0.12335 0.03854       0.06426      -0.00000
0.15383 0.49095 0.12225 | 0.10116 0.49095 0.14513 
0.03555 0.12196 0.02864 | 0.02484 0.12335 0.03854 

---------------------------------------------------------------------------
iteration : 52

0.03565 0.12217 0.02871 | 0.02484 0.12356 0.03867       0.06474      0.00000
0.15431 0.49180 0.12256 | 0.10119 0.49180 0.14556 
0.03565 0.12217 0.02871 | 0.02484 0.12356 0.03867 

---------------------------------------------------------------------------
iteration : 53

0.03574 0.12239 0.02877 | 0.02485 0.12377 0.03880       0.06517      -0.00000
0.15479 0.49264 0.12286 | 0.10124 0.49264 0.14599 
0.03574 0.12239 0.02877 | 0.02485 0.12377 0.03880 

---------------------------------------------------------------------------
iteration : 54

0.03584 0.12260 0.02883 | 0.02486 0.12398 0.03892       0.06558      -0.00000
0.15525 0.49351 0.12317 | 0.10129 0.49351 0.14640 
0.03584 0.12260 0.02883 | 0.02486 0.12398 0.03892 

---------------------------------------------------------------------------
iteration : 55

0.03593 0.12280 0.02889 | 0.02487 0.12420 0.03904       0.06596      -0.00000
0.15572 0.49435 0.12347 | 0.10136 0.49435 0.14682 
0.03593 0.12280 0.02889 | 0.02487 0.12420 0.03904 

---------------------------------------------------------------------------
iteration : 56

0.03602 0.12301 0.02896 | 0.02489 0.12441 0.03916       0.06635      0.00000
0.15616 0.49519 0.12378 | 0.10141 0.49519 0.14722 
0.03602 0.12301 0.02896 | 0.02489 0.12441 0.03916 

---------------------------------------------------------------------------
iteration : 57

0.03611 0.12322 0.02902 | 0.02490 0.12462 0.03928       0.06672      -0.00000
0.15661 0.49601 0.12408 | 0.10147 0.49601 0.14763 
0.03611 0.12322 0.02902 | 0.02490 0.12462 0.03928 

---------------------------------------------------------------------------
iteration : 58

0.03620 0.12343 0.02908 | 0.02491 0.12483 0.03939       0.06708      0.00000
0.15705 0.49685 0.12438 | 0.10153 0.49685 0.14802 
0.03620 0.12343 0.02908 | 0.02491 0.12483 0.03939 

---------------------------------------------------------------------------
iteration : 59

0.03629 0.12364 0.02914 | 0.02493 0.12504 0.03951       0.06742      0.00000
0.15749 0.49768 0.12467 | 0.10160 0.49768 0.14841 
0.03629 0.12364 0.02914 | 0.02493 0.12504 0.03951 

---------------------------------------------------------------------------
iteration : 60

0.03637 0.12385 0.02920 | 0.02495 0.12525 0.03962       0.06774      0.00000
0.15791 0.49854 0.12495 | 0.10168 0.49854 0.14879 
0.03637 0.12385 0.02920 | 0.02495 0.12525 0.03962 

---------------------------------------------------------------------------
iteration : 61

0.03646 0.12406 0.02926 | 0.02496 0.12546 0.03973       0.06804      0.00000
0.15833 0.49940 0.12522 | 0.10177 0.49940 0.14917 
0.03646 0.12406 0.02926 | 0.02496 0.12546 0.03973 

---------------------------------------------------------------------------
iteration : 62

0.03655 0.12427 0.02932 | 0.02499 0.12568 0.03984       0.06832      0.00000
0.15875 0.50025 0.12550 | 0.10185 0.50025 0.14954 
0.03655 0.12427 0.02932 | 0.02499 0.12568 0.03984 

---------------------------------------------------------------------------
iteration : 63

0.03663 0.12447 0.02938 | 0.02501 0.12590 0.03994       0.06862      -0.00000
0.15917 0.50109 0.12577 | 0.10194 0.50109 0.14991 
0.03663 0.12447 0.02938 | 0.02501 0.12590 0.03994 

---------------------------------------------------------------------------
iteration : 64

0.03672 0.12469 0.02944 | 0.02503 0.12611 0.04005       0.06891      -0.00000
0.15958 0.50193 0.12605 | 0.10201 0.50193 0.15028 
0.03672 0.12469 0.02944 | 0.02503 0.12611 0.04005 

---------------------------------------------------------------------------
iteration : 65

0.03680 0.12490 0.02950 | 0.02505 0.12632 0.04016       0.06918      -0.00000
0.15999 0.50277 0.12632 | 0.10211 0.50277 0.15065 
0.03680 0.12490 0.02950 | 0.02505 0.12632 0.04016 

---------------------------------------------------------------------------
iteration : 66

0.03689 0.12512 0.02955 | 0.02507 0.12653 0.04026       0.06944      -0.00000
0.16039 0.50362 0.12660 | 0.10220 0.50362 0.15101 
0.03689 0.12512 0.02955 | 0.02507 0.12653 0.04026 

---------------------------------------------------------------------------
iteration : 67

0.03697 0.12533 0.02961 | 0.02509 0.12674 0.04037       0.06969      -0.00000
0.16079 0.50448 0.12687 | 0.10231 0.50448 0.15137 
0.03697 0.12533 0.02961 | 0.02509 0.12674 0.04037 

---------------------------------------------------------------------------
iteration : 68

0.03705 0.12554 0.02967 | 0.02511 0.12696 0.04047       0.06992      0.00000
0.16118 0.50535 0.12714 | 0.10241 0.50535 0.15173 
0.03705 0.12554 0.02967 | 0.02511 0.12696 0.04047 

---------------------------------------------------------------------------
iteration : 69

0.03713 0.12575 0.02973 | 0.02514 0.12718 0.04057       0.07014      0.00000
0.16156 0.50620 0.12741 | 0.10252 0.50620 0.15208 
0.03713 0.12575 0.02973 | 0.02514 0.12718 0.04057 

---------------------------------------------------------------------------
iteration : 70

0.03721 0.12596 0.02979 | 0.02517 0.12739 0.04067       0.07036      0.00000
0.16195 0.50704 0.12768 | 0.10262 0.50704 0.15243 
0.03721 0.12596 0.02979 | 0.02517 0.12739 0.04067 

---------------------------------------------------------------------------
iteration : 71

0.03729 0.12617 0.02985 | 0.02519 0.12760 0.04077       0.07058      0.00000
0.16233 0.50789 0.12795 | 0.10272 0.50789 0.15278 
0.03729 0.12617 0.02985 | 0.02519 0.12760 0.04077 

---------------------------------------------------------------------------
iteration : 72

0.03737 0.12639 0.02990 | 0.02522 0.12781 0.04086       0.07079      0.00000
0.16271 0.50874 0.12821 | 0.10283 0.50874 0.15312 
0.03737 0.12639 0.02990 | 0.02522 0.12781 0.04086 

---------------------------------------------------------------------------
iteration : 73

0.03745 0.12660 0.02996 | 0.02524 0.12803 0.04096       0.07098      -0.00000
0.16308 0.50961 0.12847 | 0.10295 0.50961 0.15346 
0.03745 0.12660 0.02996 | 0.02524 0.12803 0.04096 

---------------------------------------------------------------------------
iteration : 74

0.03753 0.12682 0.03002 | 0.02527 0.12825 0.04106       0.07116      -0.00000
0.16346 0.51047 0.12873 | 0.10307 0.51047 0.15380 
0.03753 0.12682 0.03002 | 0.02527 0.12825 0.04106 

---------------------------------------------------------------------------
iteration : 75

0.03761 0.12703 0.03007 | 0.02530 0.12846 0.04115       0.07134      -0.00000
0.16383 0.51134 0.12899 | 0.10319 0.51134 0.15413 
0.03761 0.12703 0.03007 | 0.02530 0.12846 0.04115 

---------------------------------------------------------------------------
iteration : 76

0.03769 0.12724 0.03013 | 0.02533 0.12868 0.04125       0.07151      -0.00000
0.16420 0.51220 0.12925 | 0.10331 0.51220 0.15447 
0.03769 0.12724 0.03013 | 0.02533 0.12868 0.04125 

---------------------------------------------------------------------------
iteration : 77

0.03777 0.12745 0.03019 | 0.02536 0.12890 0.04134       0.07169      -0.00000
0.16456 0.51305 0.12951 | 0.10343 0.51305 0.15480 
0.03777 0.12745 0.03019 | 0.02536 0.12890 0.04134 

---------------------------------------------------------------------------
iteration : 78

0.03784 0.12767 0.03024 | 0.02539 0.12911 0.04143       0.07186      -0.00000
0.16492 0.51391 0.12976 | 0.10355 0.51391 0.15514 
0.03784 0.12767 0.03024 | 0.02539 0.12911 0.04143 

---------------------------------------------------------------------------
iteration : 79

0.03792 0.12789 0.03030 | 0.02542 0.12933 0.04153       0.07202      -0.00000
0.16529 0.51478 0.13002 | 0.10368 0.51478 0.15547 
0.03792 0.12789 0.03030 | 0.02542 0.12933 0.04153 

---------------------------------------------------------------------------
iteration : 80

0.03800 0.12811 0.03036 | 0.02545 0.12955 0.04162       0.07216      0.00000
0.16564 0.51566 0.13028 | 0.10381 0.51566 0.15579 
0.03800 0.12811 0.03036 | 0.02545 0.12955 0.04162 

---------------------------------------------------------------------------
iteration : 81

0.03807 0.12832 0.03041 | 0.02548 0.12977 0.04171       0.07230      0.00000
0.16599 0.51653 0.13053 | 0.10395 0.51653 0.15612 
0.03807 0.12832 0.03041 | 0.02548 0.12977 0.04171 

---------------------------------------------------------------------------
iteration : 82

0.03815 0.12854 0.03047 | 0.02551 0.12999 0.04180       0.07244      -0.00000
0.16635 0.51740 0.13078 | 0.10408 0.51740 0.15644 
0.03815 0.12854 0.03047 | 0.02551 0.12999 0.04180 

---------------------------------------------------------------------------
iteration : 83

0.03823 0.12875 0.03053 | 0.02555 0.13021 0.04189       0.07257      0.00000
0.16670 0.51827 0.13104 | 0.10421 0.51827 0.15676 
0.03823 0.12875 0.03053 | 0.02555 0.13021 0.04189 

---------------------------------------------------------------------------
iteration : 84

0.03830 0.12897 0.03058 | 0.02558 0.13043 0.04198       0.07271      -0.00000
0.16705 0.51914 0.13129 | 0.10434 0.51914 0.15708 
0.03830 0.12897 0.03058 | 0.02558 0.13043 0.04198 

---------------------------------------------------------------------------
iteration : 85

0.03838 0.12919 0.03064 | 0.02561 0.13064 0.04207       0.07283      0.00000
0.16739 0.52001 0.13154 | 0.10448 0.52001 0.15740 
0.03838 0.12919 0.03064 | 0.02561 0.13064 0.04207 

---------------------------------------------------------------------------
iteration : 86

0.03845 0.12941 0.03069 | 0.02564 0.13086 0.04216       0.07295      0.00000
0.16774 0.52089 0.13179 | 0.10462 0.52089 0.15772 
0.03845 0.12941 0.03069 | 0.02564 0.13086 0.04216 

---------------------------------------------------------------------------
iteration : 87

0.03852 0.12963 0.03075 | 0.02568 0.13108 0.04225       0.07306      -0.00000
0.16808 0.52177 0.13204 | 0.10477 0.52177 0.15803 
0.03852 0.12963 0.03075 | 0.02568 0.13108 0.04225 

---------------------------------------------------------------------------
iteration : 88

0.03860 0.12984 0.03081 | 0.02571 0.13130 0.04233       0.07317      -0.00000
0.16842 0.52266 0.13229 | 0.10491 0.52266 0.15835 
0.03860 0.12984 0.03081 | 0.02571 0.13130 0.04233 

---------------------------------------------------------------------------
iteration : 89

0.03867 0.13006 0.03086 | 0.02575 0.13153 0.04242       0.07327      0.00000
0.16876 0.52354 0.13254 | 0.10505 0.52354 0.15866 
0.03867 0.13006 0.03086 | 0.02575 0.13153 0.04242 

---------------------------------------------------------------------------
iteration : 90

0.03875 0.13028 0.03092 | 0.02578 0.13175 0.04251       0.07337      -0.00000
0.16910 0.52441 0.13279 | 0.10520 0.52441 0.15897 
0.03875 0.13028 0.03092 | 0.02578 0.13175 0.04251 

---------------------------------------------------------------------------
iteration : 91

0.03882 0.13050 0.03097 | 0.02582 0.13197 0.04259       0.07348      -0.00000
0.16944 0.52529 0.13303 | 0.10534 0.52529 0.15928 
0.03882 0.13050 0.03097 | 0.02582 0.13197 0.04259 

---------------------------------------------------------------------------
iteration : 92

0.03889 0.13072 0.03103 | 0.02585 0.13219 0.04268       0.07357      -0.00000
0.16977 0.52618 0.13328 | 0.10549 0.52618 0.15959 
0.03889 0.13072 0.03103 | 0.02585 0.13219 0.04268 

---------------------------------------------------------------------------
iteration : 93

0.03897 0.13095 0.03108 | 0.02589 0.13241 0.04276       0.07366      -0.00000
0.17011 0.52707 0.13353 | 0.10564 0.52707 0.15990 
0.03897 0.13095 0.03108 | 0.02589 0.13241 0.04276 

---------------------------------------------------------------------------
iteration : 94

0.03904 0.13117 0.03114 | 0.02593 0.13264 0.04285       0.07374      -0.00000
0.17044 0.52796 0.13377 | 0.10579 0.52796 0.16021 
0.03904 0.13117 0.03114 | 0.02593 0.13264 0.04285 

---------------------------------------------------------------------------
iteration : 95

0.03911 0.13138 0.03120 | 0.02597 0.13286 0.04293       0.07383      0.00000
0.17077 0.52885 0.13402 | 0.10595 0.52885 0.16052 
0.03911 0.13138 0.03120 | 0.02597 0.13286 0.04293 

---------------------------------------------------------------------------
iteration : 96

0.03919 0.13160 0.03125 | 0.02600 0.13309 0.04302       0.07391      0.00000
0.17110 0.52974 0.13427 | 0.10610 0.52974 0.16082 
0.03919 0.13160 0.03125 | 0.02600 0.13309 0.04302 

---------------------------------------------------------------------------
iteration : 97

0.03926 0.13183 0.03131 | 0.02604 0.13331 0.04310       0.07399      0.00000
0.17143 0.53063 0.13451 | 0.10625 0.53063 0.16113 
0.03926 0.13183 0.03131 | 0.02604 0.13331 0.04310 

---------------------------------------------------------------------------
iteration : 98

0.03933 0.13205 0.03136 | 0.02608 0.13353 0.04319       0.07406      0.00000
0.17176 0.53152 0.13476 | 0.10641 0.53152 0.16143 
0.03933 0.13205 0.03136 | 0.02608 0.13353 0.04319 

---------------------------------------------------------------------------
iteration : 99

0.03941 0.13227 0.03142 | 0.02612 0.13376 0.04327       0.07414      0.00000
0.17209 0.53242 0.13500 | 0.10656 0.53242 0.16174 
0.03941 0.13227 0.03142 | 0.02612 0.13376 0.04327 

---------------------------------------------------------------------------
